1 1 0 960 312 982 388 42.525876656104664 -90.72376326083375 1.0
5 2 0 1004 268 1000 396 42.52557566292182 -90.72303214737164 1.0
9 3 0 732 212 654 328 42.52554335366701 -90.72366054289637 1.0
13 4 0 726 310 630 458 42.525605124197675 -90.72359412990677 1.0
21 6 0 740 338 592 556 42.491918047936544 -90.72380510801882 1.0
25 7 0 808 322 858 408 42.49164591782606 -90.72349494883986 1.0
29 8 0 904 358 854 398 42.49186969073311 -90.72374235468585 1.0
33 9 0 626 334 592 470 42.4920131583987 -90.72333097269664 1.0
36 10 0 58 412 314 450 42.4972101887521 -90.67377513966726 1.0
37 10 0 724 178 712 288 42.49746663625908 -90.67349462252874 1.0
38 10 0 1262 990 1188 676 42.496944193531085 -90.67384149232093 1.0
39 10 0 1538 214 1362 284 42.497339020344235 -90.6733773105063 1.0
40 11 0 212 1750 702 1640 42.4964782536822 -90.67408726202785 1.0
41 11 0 408 770 542 912 42.496518963125325 -90.67408492692603 1.0
42 11 0 1714 964 1664 1010 42.496555953294965 -90.67386259520917 1.0
43 11 0 2474 1730 2140 1592 42.49648371485533 -90.6739664762935 1.0
44 12 0 56 1506 506 1602 42.496525887310554 -90.67398539921507 1.0
45 12 0 240 446 424 502 42.4965553280452 -90.6740788958364 1.0
46 12 0 2476 1150 2018 1116 42.49659361667183 -90.67394211573064 1.0
47 12 0 2496 666 2274 666 42.496672260341334 -90.67392804557765 1.0
48 13 0 276 1410 608 1356 42.49673292044662 -90.67393233745625 1.0
49 13 0 670 856 810 882 42.496729160440495 -90.673890256054 1.0
50 13 0 1694 518 1584 580 42.49666631350507 -90.67384662613237 1.0
51 13 0 2516 976 2194 928 42.49666281790978 -90.67389927493129 1.0
52 14 0 706 136 840 152 42.49552869381193 -90.67549434039756 1.0
53 14 0 908 60 942 110 42.49491692900196 -90.6763076015195 1.0
54 14 0 1376 144 1290 152 42.49558770091732 -90.67573626532665 1.0
55 14 0 1386 1038 1338 760 42.49644074972831 -90.67453017781492 1.0
56 15 0 388 262 446 264 42.496438310700924 -90.6750865209186 1.0
57 15 0 596 104 592 150 42.4970335206884 -90.67793788170343 1.0
58 15 0 952 1058 902 898 42.49636094431976 -90.67444465808558 1.0
59 15 0 1016 394 932 400 42.4964424829422 -90.67471444546199 1.0
60 15 0 1862 638 1608 682 42.49642751692012 -90.67451351501713 1.0
61 16 0 1084 130 1120 172 42.500637171919486 -90.67092426044856 1.0
62 16 0 1432 122 1346 138 42.50057870334031 -90.6713343449766 1.0
63 16 0 1458 964 1314 750 42.50100024606894 -90.66986577208017 1.0
64 17 0 994 260 1130 270 42.500096697106 -90.673235385786 1.0
65 17 0 1834 734 1572 596 42.50015600256164 -90.67375682544565 1.0
66 17 0 1842 206 1744 206 42.499857607077196 -90.67304149036056 1.0
67 18 0 564 1854 1052 1646 42.50014769579569 -90.6747935146397 1.0
68 18 0 2406 1410 2254 1382 42.500055747991894 -90.67449936176737 1.0
69 19 0 132 1670 562 1760 42.50024204926383 -90.67514702527937 1.0
70 19 0 1266 340 1296 412 42.50052566016353 -90.67503784202268 1.0
71 19 0 2396 528 2204 510 42.50053572927762 -90.6747837748463 1.0
72 19 0 2502 1258 2192 1218 42.500297312016194 -90.67502916674545 1.0
73 20 0 382 820 476 870 42.500037485157506 -90.67498766910175 1.0
74 20 0 2378 1068 1868 992 42.50009102288829 -90.67493795684402 1.0
75 21 0 1214 96 1090 130 42.49992576742187 -90.67629880679316 1.0
76 21 0 1504 146 1388 156 42.499995028256805 -90.67604159063701 1.0
77 21 0 1818 768 1614 606 42.50002515702989 -90.67525404742707 1.0
78 22 0 140 204 308 204 42.49943362764885 -90.67963530988327 1.0
79 22 0 920 200 894 276 42.49925112230274 -90.67975485826089 1.0
80 22 0 1060 968 1066 754 42.49923105216253 -90.6803251892254 1.0
81 22 0 1644 370 1468 374 42.49915424672236 -90.68002985185382 1.0
82 23 0 638 1730 1434 1310 42.49912218716252 -90.6806572391447 1.0
83 23 0 1890 932 1722 964 42.49892149791871 -90.68005610342281 1.0
84 24 0 34 1654 500 1662 42.49914561066265 -90.68073802889012 1.0
85 24 0 44 1878 66 1438 42.49914507708599 -90.68074605203246 1.0
86 24 0 710 362 542 492 42.49924447268844 -90.68074011035644 1.0
87 24 0 2432 1044 1558 1092 42.49917049783153 -90.68064471687909 1.0
88 25 0 326 1090 482 1188 42.49916210514085 -90.68029726720225 1.0
89 25 0 2290 1906 2504 1652 42.49910602054452 -90.68041362056766 1.0
90 25 0 2548 1264 2332 1206 42.49908297594048 -90.68041234115373 1.0
91 25 0 2554 702 2356 938 42.49905351534119 -90.68041011603556 1.0
92 26 0 50 718 238 748 42.49904872310449 -90.68159819155508 1.0
93 26 0 1040 146 992 258 42.499082947362304 -90.6824501597564 1.0
94 26 0 1248 1038 1244 846 42.49914265932763 -90.68153102319515 1.0
95 26 0 1682 250 1470 254 42.4991882074078 -90.68223527810112 1.0
96 26 0 1904 686 1664 692 42.49918264409816 -90.68166641125 1.0
97 27 0 28 258 220 236 42.49844643274953 -90.68774318461763 1.0
98 27 0 204 116 298 176 42.49845229531021 -90.6871922438713 1.0
99 27 0 1306 210 1108 224 42.49825246343627 -90.68756018853662 1.0
100 27 0 1636 486 1424 396 42.49827594718675 -90.6880200483047 1.0
101 28 0 24 1070 396 892 42.49829236580351 -90.68757844207491 1.0
102 28 0 26 280 196 354 42.49827054345352 -90.68747853122173 1.0
103 28 0 1524 178 1300 244 42.49805348432066 -90.68767763012762 1.0
104 28 0 1870 582 1596 488 42.49818799269196 -90.6876716476654 1.0
105 29 0 686 498 792 508 42.498745452494006 -90.69249346221407 1.0
106 29 0 1124 1030 1270 756 42.498922093759326 -90.692979017538 1.0
107 29 0 1234 280 1226 360 42.4983558677426 -90.69185625126967 1.0
108 29 0 1902 574 1730 576 42.49879601187544 -90.6928617156117 1.0
109 30 0 18 762 198 716 42.49953191455464 -90.69441106614018 1.0
110 30 0 440 560 476 574 42.49961461563257 -90.69429157463225 1.0
111 30 0 1008 386 828 442 42.49970427560834 -90.69409725138888 1.0
112 30 0 1524 510 1096 512 42.499662880700974 -90.69401733713364 1.0
113 31 0 50 908 398 908 42.49938569017414 -90.69371191599575 1.0
114 31 0 1554 520 1136 524 42.49942489132455 -90.6938480376422 1.0
115 32 0 142 924 590 842 42.499272622636326 -90.69393180225586 1.0
116 32 0 1002 522 936 576 42.499514956124706 -90.6942036562 1.0
117 32 0 1572 882 1372 828 42.49952728692941 -90.6940453695188 1.0
118 33 0 532 140 710 168 42.499674732072684 -90.69606734841257 1.0
119 33 0 1532 898 1438 670 42.4995089989652 -90.69405993608682 1.0
120 33 0 1742 162 1468 176 42.499904634331074 -90.69582587824239 1.0
121 34 0 256 172 390 236 42.49962095111254 -90.69538188138004 1.0
122 34 0 1028 236 890 246 42.49953059010852 -90.69566545624707 1.0
123 34 0 1850 518 1528 438 42.49960350394241 -90.69590387012724 1.0
124 35 0 26 652 262 590 42.49984022727816 -90.69615601430606 1.0
125 35 0 1252 18 1100 112 42.49986523870774 -90.69671325414397 1.0
126 35 0 1892 716 1664 610 42.49895315046158 -90.69569248796562 1.0
127 36 0 914 240 1038 252 42.499468489650646 -90.69712312964589 1.0
128 36 0 1178 140 1156 208 42.49935769510222 -90.6975260533041 1.0
129 36 0 1528 216 1392 230 42.49953686757703 -90.69715355051072 1.0
130 36 0 1734 928 1680 652 42.49970649858035 -90.69658905255649 1.0
131 36 0 1860 276 1720 288 42.49963623785818 -90.69694220411404 1.0
132 37 0 458 254 560 362 42.499086142394084 -90.6979088774535 1.0
133 37 0 1862 590 1584 434 42.498911356387524 -90.69813561619719 1.0
134 38 0 230 1588 1226 1252 42.498798807419504 -90.69852597972509 1.0
135 38 0 1680 828 1766 852 42.49882730130575 -90.69824338767324 1.0
136 38 0 2020 898 1952 910 42.49881045758055 -90.69820024858502 1.0
137 38 0 2414 1034 2302 1002 42.49878681705883 -90.69817460903103 1.0
138 39 0 74 1562 652 1568 42.49865076039438 -90.69853814861126 1.0
139 39 0 78 1084 524 1418 42.498652837838605 -90.69854285062958 1.0
140 39 0 2520 860 1536 892 42.49867031457947 -90.69846720759807 1.0
141 40 0 306 656 408 702 42.49859048616661 -90.69877483790506 1.0
142 40 0 1510 316 1482 428 42.49876448068516 -90.6987841128284 1.0
143 40 0 1586 704 1380 652 42.49869309535514 -90.6987349650944 1.0
1 1 1 1310 400 1164 322 42.5258738472754 -90.72380181657005 1.0
6 2 1 1384 410 1254 286 42.525609976529466 -90.72297606070703 1.0
10 3 1 1318 284 1200 216 42.52543650518485 -90.72359242001181 1.0
14 4 1 1386 424 1270 342 42.52571460274155 -90.72364823760073 1.0
22 6 1 1524 314 1392 194 42.49165827898076 -90.7234830760058 1.0
26 7 1 1290 364 1156 316 42.49166004071899 -90.72339602541865 1.0
30 8 1 528 298 386 308 42.49183062323079 -90.72363029932161 1.0
32 8 1 1640 264 1590 228 42.491638778628776 -90.72414208734988 1.0
35 9 1 1196 302 1080 260 42.49210712077193 -90.723442700843 1.0
37 10 1 318 448 76 432 42.49720089209287 -90.67377888311817 1.0
38 10 1 654 784 596 1018 42.49695917325946 -90.67388539680607 1.0
39 10 1 1024 278 976 190 42.49743071617295 -90.67343872245091 1.0
40 10 1 1392 322 1544 244 42.49727126889663 -90.67344674942065 1.0
41 11 1 336 1172 62 1178 42.49649153359593 -90.67409951869413 1.0
42 11 1 612 922 496 786 42.496519712302636 -90.67407776827733 1.0
43 11 1 1812 1132 1814 1062 42.496531986158814 -90.67389109696104 1.0
44 11 1 2112 1728 2382 1818 42.496479389007135 -90.67398873064373 1.0
45 12 1 442 544 270 482 42.49655370903542 -90.67406614952263 1.0
46 12 1 566 1036 122 970 42.49653371557704 -90.67400506453174 1.0
47 12 1 2002 1668 2426 1706 42.49656518649624 -90.67394507073546 1.0
48 12 1 2282 648 2470 668 42.496674027837976 -90.67392828867867 1.0
49 13 1 584 1250 282 1318 42.496735932425835 -90.67392768412506 1.0
50 13 1 890 804 752 798 42.496724838316716 -90.6738805130405 1.0
51 13 1 1616 584 1706 526 42.496665659155134 -90.673848491542 1.0
52 13 1 2020 1356 2400 1556 42.496678916959524 -90.67392298847103 1.0
53 14 1 820 720 676 954 42.496409498199505 -90.6745061135113 1.0
54 14 1 834 146 714 128 42.49548034074556 -90.67554900377566 1.0
55 14 1 1078 120 1038 62 42.495009947699415 -90.67630800262513 1.0
56 14 1 1290 148 1368 146 42.495580899337675 -90.67574347489838 1.0
57 15 1 430 880 424 1044 42.496342983267645 -90.67445146401204 1.0
58 15 1 458 264 404 260 42.49644159510019 -90.67508953303108 1.0
59 15 1 648 164 642 106 42.496928846117854 -90.6772086223016 1.0
60 15 1 944 416 1014 404 42.496438067511384 -90.67469771479881 1.0
61 15 1 1652 728 1864 686 42.49642070353227 -90.67449739905788 1.0
62 16 1 672 724 628 936 42.50098890905825 -90.66981545336883 1.0
63 16 1 1188 132 1124 130 42.50056830234311 -90.6711742929822 1.0
64 16 1 1442 182 1498 156 42.50070572986155 -90.67094431693019 1.0
65 17 1 1074 226 892 216 42.50007655318581 -90.67304234049668 1.0
66 17 1 1146 750 1396 994 42.500196586511194 -90.67379816681986 1.0
67 17 1 1674 302 1776 266 42.50000318990681 -90.67336310542893 1.0
68 18 1 780 1250 294 1304 42.50016951385365 -90.67478875711626 1.0
69 18 1 2298 1474 2466 1478 42.50006112090663 -90.67454124375378 1.0
70 19 1 598 1144 150 1114 42.500258996558905 -90.67516098793749 1.0
71 19 1 1380 398 1338 358 42.50054081635581 -90.6750095310696 1.0
72 19 1 1968 1818 2454 1838 42.50026335505437 -90.67506956643479 1.0
73 19 1 2214 516 2378 530 42.50052990372585 -90.67479059099973 1.0
74 20 1 644 816 526 792 42.500047557413666 -90.67498714509382 1.0
75 20 1 1568 1372 2150 1674 42.50006976450832 -90.67493100288715 1.0
76 21 1 1042 678 1202 904 42.500004849466684 -90.6752059033745 1.0
77 21 1 1184 166 1300 112 42.49995746985281 -90.67609268450154 1.0
78 21 1 1380 154 1484 146 42.49999258894885 -90.6760459902829 1.0
79 22 1 304 196 140 200 42.49944023672982 -90.67960737549187 1.0
80 22 1 576 748 462 972 42.49926458897567 -90.6803292169688 1.0
81 22 1 1056 270 1060 200 42.49921737756122 -90.67974217332012 1.0
82 22 1 1478 402 1642 398 42.49915944457306 -90.680065564566 1.0
83 23 1 1058 1000 316 1128 42.49914841542263 -90.68064618177004 1.0
84 23 1 1840 1044 1932 1002 42.498938661029 -90.68017737769135 1.0
85 24 1 318 1134 20 1380 42.49915544332548 -90.68074902080201 1.0
86 24 1 658 1056 70 1066 42.4991639912747 -90.68074301904632 1.0
87 24 1 782 532 910 376 42.499238967326136 -90.68070708270918 1.0
88 24 1 1606 1656 2430 1630 42.49915041011354 -90.68067045037616 1.0
89 25 1 732 1090 524 1060 42.499141543316526 -90.68031351123055 1.0
90 25 1 1338 1680 1046 1902 42.49913663550201 -90.68038500027346 1.0
91 25 1 1948 1630 2494 1858 42.49910845694186 -90.68041009605584 1.0
92 25 1 2344 1268 2554 1116 42.49908043893046 -90.6804123454754 1.0
93 26 1 246 720 70 682 42.49904586892919 -90.68161842921016 1.0
94 26 1 762 822 658 1040 42.499108050344745 -90.68152070903348 1.0
95 26 1 1186 252 1188 144 42.499119362161544 -90.68244679778492 1.0
96 26 1 1482 278 1664 268 42.49918575010151 -90.68218084272927 1.0
97 26 1 1708 758 1898 744 42.499181576363796 -90.68163075405474 1.0
98 27 1 210 228 36 240 42.498450525851275 -90.68769699394073 1.0
99 27 1 442 148 316 110 42.49841861694431 -90.68703666624775 1.0
100 27 1 888 220 1110 212 42.49828611305943 -90.68756766085016 1.0
101 27 1 1226 518 1474 634 42.498308434687644 -90.68816007823551 1.0
102 28 1 218 570 22 686 42.49828820595265 -90.68754834722452 1.0
103 28 1 374 286 142 232 42.498245357159995 -90.68747170005621 1.0
104 28 1 1490 298 1654 214 42.49807671689719 -90.68769706310779 1.0
105 28 1 1512 738 1834 834 42.49822907481948 -90.68765209850326 1.0
106 29 1 626 708 228 936 42.4989114512684 -90.6928454126612 1.0
107 29 1 976 466 734 484 42.49871417010605 -90.69245499203338 1.0
108 29 1 1336 358 1332 276 42.49834533201708 -90.69189677895352 1.0
109 29 1 1714 574 1882 570 42.49879413615337 -90.69285499568095 1.0
110 30 1 200 692 38 736 42.49953804224726 -90.69441891383323 1.0
111 30 1 564 532 518 530 42.49963494645955 -90.69425777406401 1.0
112 30 1 742 478 888 436 42.49967971236703 -90.69414039162875 1.0
113 30 1 874 702 1336 836 42.499595166209225 -90.69409167196628 1.0
114 31 1 490 490 94 478 42.49935958443551 -90.69372508919042 1.0
115 31 1 1148 928 1552 934 42.499421474459524 -90.69377446517267 1.0
116 32 1 384 562 90 570 42.49925400340352 -90.69397000912313 1.0
117 32 1 1102 642 1108 586 42.499552222070754 -90.6941755405213 1.0
118 32 1 1374 856 1558 904 42.49949890458033 -90.69402648528902 1.0
119 33 1 602 702 496 976 42.499409330281935 -90.6941640511324 1.0
120 33 1 876 134 706 112 42.49974271866716 -90.69624597536934 1.0
121 33 1 1520 212 1744 192 42.4998698398381 -90.6956251496796 1.0
122 34 1 546 212 428 176 42.49956632910553 -90.69541765207653 1.0
123 34 1 906 262 1030 250 42.49954557578106 -90.69568640987876 1.0
124 34 1 1282 558 1748 726 42.499669643967145 -90.69591675576457 1.0
125 35 1 272 390 38 486 42.49978542234164 -90.69620258746144 1.0
126 35 1 1360 186 1414 62 42.499672721512646 -90.69602128191777 1.0
127 35 1 1394 836 1740 990 42.49986275936694 -90.69636447912411 1.0
128 36 1 722 580 580 844 42.49965134122215 -90.69662089073982 1.0
129 36 1 1020 238 916 232 42.49944884524083 -90.69716966832233 1.0
130 36 1 1304 188 1298 132 42.49935813747772 -90.69762960766961 1.0
131 36 1 1434 210 1554 202 42.49952199484251 -90.69722807118855 1.0
132 36 1 1738 276 1858 274 42.499634106833845 -90.69695719430999 1.0
133 37 1 882 636 1142 988 42.4988855242672 -90.69835296208015 1.0
134 37 1 1136 302 1036 274 42.49906181635769 -90.69780064553454 1.0
135 38 1 710 886 22 906 42.49882957547709 -90.69853865160401 1.0
136 38 1 1788 860 1686 832 42.49882582863459 -90.69824404334133 1.0
137 38 1 2182 958 2218 942 42.498798081905385 -90.69815838176267 1.0
138 38 1 2308 1000 2418 1032 42.498786732856075 -90.69816991367468 1.0
139 39 1 380 674 150 468 42.49866959262105 -90.6985709088167 1.0
140 39 1 512 946 36 954 42.498656572102355 -90.69854963753689 1.0
141 39 1 1704 1468 2470 1468 42.498657133427535 -90.69849532165905 1.0
142 40 1 540 620 452 618 42.49861025911817 -90.69878169843878 1.0
143 40 1 1126 940 1490 1106 42.498655354187015 -90.6987157766815 1.0
