0 1 0 64 664 390 680 42.52596681206675 -90.72370677349578 1.0
1 1 0 960 312 982 388 42.52585241352987 -90.72376028270149 1.0
2 1 0 1874 730 1718 614 42.52594927304047 -90.72382137570249 1.0
3 1 0 1894 512 1686 520 42.525912849147296 -90.72385105102599 1.0
4 2 0 46 800 330 870 42.52533650247731 -90.72298603850258 1.0
5 2 0 1004 268 1000 396 42.52564412010016 -90.7230754345312 1.0
6 2 0 1422 1070 1432 830 42.525395393252886 -90.72288188224846 1.0
7 2 0 1860 594 1594 584 42.52552529738096 -90.72287539273628 1.0
8 3 0 44 740 278 706 42.52555639706983 -90.72389995859031 1.0
9 3 0 732 212 654 328 42.52554783907201 -90.72356156530296 1.0
10 3 0 1834 942 1626 700 42.525449111040196 -90.72387303271216 1.0
11 3 0 1896 428 1652 430 42.52539213271149 -90.72372760861451 1.0
12 4 0 98 814 440 790 42.52559131993321 -90.72341404867844 1.0
13 4 0 726 310 630 458 42.525601438442735 -90.72368427492049 1.0
14 4 0 1830 520 1610 540 42.525756562096724 -90.72357291307206 1.0
15 4 0 1866 838 1748 696 42.525715019985576 -90.72346379288305 1.0
16 5 0 42 544 188 536 42.52523391059477 -90.72395538443493 1.0
17 5 0 238 180 292 252 42.52574895938773 -90.7236934470431 1.0
18 5 0 986 256 856 266 42.52569350201068 -90.72364962350925 1.0
19 5 0 1260 840 1086 694 42.52552771402398 -90.72343042640345 1.0
20 6 0 66 860 368 870 42.49196977417266 -90.7239594583068 1.0
21 6 0 740 338 592 556 42.49190082520604 -90.72370240350232 1.0
22 6 0 1886 720 1626 722 42.491787127644855 -90.72388886544684 1.0
23 6 0 1898 502 1768 408 42.49172239871788 -90.72378826697745 1.0
24 7 0 68 1052 688 1034 42.49144867942578 -90.72358367942516 1.0
25 7 0 808 322 858 408 42.49168032707354 -90.72350027237802 1.0
26 7 0 1890 454 1702 454 42.49159214445497 -90.72330205478139 1.0
27 7 0 1890 736 1780 598 42.49150918076018 -90.72336875930979 1.0
28 8 0 34 894 282 924 42.49200209709838 -90.7236394894891 1.0
29 8 0 904 358 854 398 42.49185483887003 -90.72375215012761 1.0
30 8 0 1536 1064 1462 848 42.49200132093533 -90.7237586135361 1.0
31 8 0 1884 504 1724 494 42.4919010733595 -90.72391322299167 1.0
32 9 0 78 996 434 984 42.49199124281219 -90.72318684130224 1.0
33 9 0 626 334 592 470 42.49201476547058 -90.72338713506872 1.0
34 9 0 1876 714 1612 734 42.49209296303508 -90.72322688825555 1.0
35 9 0 1902 494 1724 442 42.492130415723864 -90.72328261391375 1.0
36 10 0 58 412 314 450 42.497239464721936 -90.67377746258808 1.0
37 10 0 724 178 712 288 42.49764235916684 -90.67335990152378 1.0
38 10 0 1262 990 1188 676 42.496910940899554 -90.67387086103209 1.0
39 10 0 1538 214 1362 284 42.497413392802805 -90.67325816507068 1.0
40 11 0 212 1750 702 1640 42.49647707860208 -90.67409474686222 1.0
41 11 0 408 770 542 912 42.49652643045667 -90.6740910654018 1.0
42 11 0 1714 964 1664 1010 42.49656960073259 -90.67382592263345 1.0
43 11 0 2474 1730 2140 1592 42.496481597833714 -90.67395758346476 1.0
44 12 0 56 1506 506 1602 42.49652122840647 -90.67399122784371 1.0
45 12 0 240 446 424 502 42.49655021995513 -90.67409458085109 1.0
46 12 0 2476 1150 2018 1116 42.49660026982892 -90.67393502253334 1.0
47 12 0 2496 666 2274 666 42.496680418687156 -90.67392115702245 1.0
48 13 0 276 1410 608 1356 42.49674036591829 -90.67393527030191 1.0
49 13 0 670 856 810 882 42.49673531912961 -90.67388809053196 1.0
50 13 0 1694 518 1584 580 42.49666129299041 -90.67384113741325 1.0
51 13 0 2516 976 2194 928 42.49666011894263 -90.67390067416741 1.0
52 14 0 706 136 840 152 42.495469675069394 -90.67552341822633 1.0
53 14 0 908 60 942 110 42.49437391981837 -90.6769368952736 1.0
54 14 0 1376 144 1290 152 42.49556364569537 -90.67579715406916 1.0
55 14 0 1386 1038 1338 760 42.496465101997124 -90.67449745067002 1.0
56 15 0 388 262 446 264 42.49643365477364 -90.67509473215951 1.0
57 15 0 596 104 592 150 42.498263043536255 -90.684179195699 1.0
58 15 0 952 1058 902 898 42.49635837608405 -90.67443245737434 1.0
59 15 0 1016 394 932 400 42.496447820070266 -90.67471675150641 1.0
60 15 0 1862 638 1608 682 42.49643856796515 -90.67451988943289 1.0
61 16 0 1084 130 1120 172 42.50055962104555 -90.67114273160225 1.0
62 16 0 1432 122 1346 138 42.500545465694195 -90.67148995441099 1.0
63 16 0 1458 964 1314 750 42.501008625003294 -90.66984422277407 1.0
64 17 0 994 260 1130 270 42.500104523420134 -90.67321140294217 1.0
65 17 0 1834 734 1572 596 42.50015834225311 -90.67378772890861 1.0
66 17 0 1842 206 1744 206 42.499843562539375 -90.67304732583891 1.0
67 18 0 564 1854 1052 1646 42.50015088899864 -90.67480769264071 1.0
68 18 0 2406 1410 2254 1382 42.500046255115855 -90.67447916890744 1.0
69 19 0 132 1670 562 1760 42.50024023099505 -90.67515630262868 1.0
70 19 0 1266 340 1296 412 42.50058851688253 -90.67502697491298 1.0
71 19 0 2396 528 2204 510 42.500542279876576 -90.67475834518427 1.0
72 19 0 2502 1258 2192 1218 42.50029954705637 -90.67501911331505 1.0
73 20 0 382 820 476 870 42.50003415299513 -90.6749939455395 1.0
74 20 0 2378 1068 1868 992 42.50009418059424 -90.67493434285808 1.0
75 21 0 1214 96 1090 130 42.4999260431859 -90.67651141729047 1.0
76 21 0 1504 146 1388 156 42.50000391612594 -90.67608238042114 1.0
77 21 0 1818 768 1614 606 42.50002821905373 -90.67523054658018 1.0
78 22 0 140 204 308 204 42.499456167544814 -90.67963680557911 1.0
79 22 0 920 200 894 276 42.49925043014345 -90.67960473110033 1.0
80 22 0 1060 968 1066 754 42.499231832004604 -90.68034948675944 1.0
81 22 0 1644 370 1468 374 42.49914142406533 -90.68002582388954 1.0
82 23 0 638 1730 1434 1310 42.49913335110121 -90.68068497210531 1.0
83 23 0 1890 932 1722 964 42.49876770953796 -90.67964296906315 1.0
84 24 0 34 1654 500 1662 42.499145099600895 -90.68074691299695 1.0
85 24 0 44 1878 66 1438 42.49914140298496 -90.68074324916543 1.0
86 24 0 710 362 542 492 42.49927060941929 -90.68072877067588 1.0
87 24 0 2432 1044 1558 1092 42.49917376090498 -90.68061543084436 1.0
88 25 0 326 1090 482 1188 42.499169010367545 -90.68027747584566 1.0
89 25 0 2290 1906 2504 1652 42.499111821110034 -90.68041212023323 1.0
90 25 0 2548 1264 2332 1206 42.49908246123309 -90.68041498976315 1.0
91 25 0 2554 702 2356 938 42.49904034634222 -90.68041249568745 1.0
92 26 0 50 718 238 748 42.499037830673046 -90.68160451364834 1.0
93 26 0 1040 146 992 258 42.49907549226764 -90.68273105398957 1.0
94 26 0 1248 1038 1244 846 42.49914317218352 -90.68149827413238 1.0
95 26 0 1682 250 1470 254 42.49920463934869 -90.68223497916958 1.0
96 26 0 1904 686 1664 692 42.499191552714684 -90.68167081772609 1.0
97 27 0 28 258 220 236 42.49846176711085 -90.68778733708065 1.0
98 27 0 204 116 298 176 42.49848780530583 -90.68687757964747 1.0
99 27 0 1306 210 1108 224 42.49823363791612 -90.68752750407565 1.0
100 27 0 1636 486 1424 396 42.4982749915833 -90.68806329717887 1.0
101 28 0 24 1070 396 892 42.49829907776405 -90.68757427118616 1.0
102 28 0 26 280 196 354 42.49827503070796 -90.68744815457633 1.0
103 28 0 1524 178 1300 244 42.49798348548357 -90.6877176972868 1.0
104 28 0 1870 582 1596 488 42.49818992077527 -90.68767861845865 1.0
105 29 0 686 498 792 508 42.49874073816422 -90.69246637328251 1.0
106 29 0 1124 1030 1270 756 42.49894748749895 -90.69302231433235 1.0
107 29 0 1234 280 1226 360 42.498115092213396 -90.69138014647937 1.0
108 29 0 1902 574 1730 576 42.49879468027132 -90.69287785618388 1.0
109 30 0 18 762 198 716 42.49951641388877 -90.69445105727544 1.0
110 30 0 440 560 476 574 42.499616356475315 -90.69430396030434 1.0
111 30 0 1008 386 828 442 42.49972004722333 -90.69406082060875 1.0
112 30 0 1524 510 1096 512 42.4996657955067 -90.69398165778188 1.0
113 31 0 50 908 398 908 42.49938099681987 -90.6937034640206 1.0
114 31 0 1554 520 1136 524 42.49944163315364 -90.69388300930953 1.0
115 32 0 142 924 590 842 42.49925883958331 -90.69392296584573 1.0
116 32 0 1002 522 936 576 42.4996518722704 -90.69436422559583 1.0
117 32 0 1572 882 1372 828 42.49956859378086 -90.69405496234906 1.0
118 33 0 532 140 710 168 42.49966636385517 -90.6961642152794 1.0
119 33 0 1532 898 1438 670 42.49948473341213 -90.69390992232907 1.0
120 33 0 1742 162 1468 176 42.49995437096966 -90.69584610927221 1.0
121 34 0 256 172 390 236 42.499598122934586 -90.69521334825846 1.0
122 34 0 1028 236 890 246 42.49951298602348 -90.69567563531369 1.0
123 34 0 1850 518 1528 438 42.49960584480259 -90.69592487815912 1.0
124 35 0 26 652 262 590 42.49982776452934 -90.69612944607287 1.0
125 35 0 1252 18 1100 112 42.499917175812755 -90.69707700659602 1.0
126 35 0 1892 716 1664 610 42.50005357977955 -90.69653645594023 1.0
127 36 0 914 240 1038 252 42.499445516940824 -90.69715551283225 1.0
128 36 0 1178 140 1156 208 42.4992012030197 -90.69798416404439 1.0
129 36 0 1528 216 1392 230 42.499542580849 -90.69717466286151 1.0
130 36 0 1734 928 1680 652 42.49971340451137 -90.69656253181287 1.0
131 36 0 1860 276 1720 288 42.49964308989615 -90.69695032465067 1.0
132 37 0 458 254 560 362 42.49915016882103 -90.69776628857952 1.0
133 37 0 1862 590 1584 434 42.49888821546047 -90.69819888485196 1.0
134 38 0 230 1588 1226 1252 42.498798660070364 -90.69855167207531 1.0
135 38 0 1680 828 1766 852 42.49883050759288 -90.69824891810723 1.0
136 38 0 2020 898 1952 910 42.49881048705566 -90.69817517363192 1.0
137 38 0 2414 1034 2302 1002 42.4987837660255 -90.6981698210156 1.0
138 39 0 74 1562 652 1568 42.49864994242413 -90.69854451703665 1.0
139 39 0 78 1084 524 1418 42.49865365193126 -90.69855293085973 1.0
140 39 0 2520 860 1536 892 42.49867520714092 -90.69843701525457 1.0
141 40 0 306 656 408 702 42.49858156332413 -90.6987840074579 1.0
142 40 0 1510 316 1482 428 42.49879212718514 -90.69880168887175 1.0
143 40 0 1586 704 1380 652 42.4986954018511 -90.69873063064612 1.0
0 1 1 500 494 194 492 42.52593702698522 -90.72372098036229 1.0
1 1 1 1310 400 1164 322 42.525890278113096 -90.7238068376455 1.0
2 1 1 1364 878 1564 1054 42.525967374958825 -90.72378640001938 1.0
3 1 1 1536 680 1862 654 42.52594812652596 -90.72380355069687 1.0
4 2 1 288 516 30 522 42.52539500213115 -90.7230399677776 1.0
5 2 1 346 830 156 1060 42.5253552751539 -90.7229613504487 1.0
6 2 1 1384 410 1254 286 42.5255700704368 -90.7229483399087 1.0
7 2 1 1390 912 1764 934 42.525413186616674 -90.72289048088105 1.0
8 3 1 280 546 60 564 42.525556788851375 -90.7238523225955 1.0
9 3 1 514 866 472 1056 42.52551916061609 -90.72390036206988 1.0
10 3 1 1318 284 1200 216 42.52543356394123 -90.72363598567506 1.0
11 3 1 1714 572 1892 550 42.52543103006009 -90.72379984734418 1.0
12 4 1 378 634 98 648 42.525597917063465 -90.72345758862669 1.0
13 4 1 402 840 296 1044 42.52561361982889 -90.72341943075445 1.0
14 4 1 1386 424 1270 342 42.5257161505255 -90.72361305623717 1.0
15 4 1 1616 742 1898 692 42.52570389247662 -90.72347714903404 1.0
16 5 1 150 358 32 388 42.52562824078772 -90.723704417949 1.0
17 5 1 436 212 350 182 42.52572259619031 -90.72355639271326 1.0
18 5 1 842 798 1000 920 42.525519047169006 -90.72351186966645 1.0
19 5 1 1002 368 1140 352 42.52800317095758 -90.73529736009327 1.0
20 6 1 378 688 80 688 42.49194950553051 -90.72391701082024 1.0
21 6 1 850 942 804 1068 42.49190456821531 -90.72395888337361 1.0
22 6 1 1524 314 1392 194 42.49169497961759 -90.72360728871696 1.0
23 6 1 1640 934 1886 922 42.491839703403926 -90.72394401904951 1.0
24 7 1 432 532 148 550 42.49155846258599 -90.72357609116791 1.0
25 7 1 626 880 608 1058 42.49147531607882 -90.72352782951424 1.0
26 7 1 1290 364 1156 316 42.491642562818484 -90.72338702273557 1.0
27 7 1 1558 922 1880 880 42.49147617873269 -90.72342644675594 1.0
28 8 1 226 486 36 486 42.49193699219303 -90.72361970420788 1.0
29 8 1 444 816 392 998 42.491991007307945 -90.72367213103308 1.0
30 8 1 528 298 386 308 42.49182166165926 -90.723649839932 1.0
31 8 1 1624 954 1892 942 42.491991938303805 -90.72377451202041 1.0
32 8 1 1640 264 1590 228 42.49168130934227 -90.7241075476099 1.0
33 9 1 372 854 256 1036 42.4920027330988 -90.7232023451413 1.0
34 9 1 380 788 86 790 42.4920018595599 -90.72321110436275 1.0
35 9 1 1196 302 1080 260 42.49210868248315 -90.72341404850908 1.0
36 9 1 1586 972 1872 942 42.49205989946915 -90.72319362086968 1.0
37 10 1 318 448 76 432 42.49718411136812 -90.67377150719632 1.0
38 10 1 654 784 596 1018 42.49698848551789 -90.67386158426807 1.0
39 10 1 1024 278 976 190 42.49733252992838 -90.67351799406183 1.0
40 10 1 1392 322 1544 244 42.49722043819416 -90.67352538813262 1.0
41 11 1 336 1172 62 1178 42.49649260065435 -90.67409318377085 1.0
42 11 1 612 922 496 786 42.496513344858826 -90.67407384634514 1.0
43 11 1 1812 1132 1814 1062 42.49652423696817 -90.67391051767243 1.0
44 11 1 2112 1728 2382 1818 42.49648047009371 -90.67399635451396 1.0
45 12 1 442 544 270 482 42.49655727770742 -90.67405367806434 1.0
46 12 1 566 1036 122 970 42.49654060022835 -90.67399644131147 1.0
47 12 1 2002 1668 2426 1706 42.49656114530188 -90.67394935211404 1.0
48 12 1 2282 648 2470 668 42.49667009017188 -90.67393383120812 1.0
49 13 1 584 1250 282 1318 42.4967289112012 -90.6739244555473 1.0
50 13 1 890 804 752 798 42.49671942953378 -90.67388158144745 1.0
51 13 1 1616 584 1706 526 42.49666975319036 -90.67385340347649 1.0
52 13 1 2020 1356 2400 1556 42.496681170259045 -90.6739203405501 1.0
53 14 1 820 720 676 954 42.496378670260086 -90.67454869064574 1.0
54 14 1 834 146 714 128 42.49554514691965 -90.67550803034845 1.0
55 14 1 1078 120 1038 62 42.495355129709864 -90.67588524391309 1.0
56 14 1 1290 148 1368 146 42.49558500437755 -90.67571423263483 1.0
57 15 1 430 880 424 1044 42.49634555871273 -90.67446742009503 1.0
58 15 1 458 264 404 260 42.496445049447225 -90.67507705677325 1.0
59 15 1 648 164 642 106 42.4966923126668 -90.67607230235132 1.0
60 15 1 944 416 1014 404 42.496432670169675 -90.67469179633892 1.0
61 15 1 1652 728 1864 686 42.49641244267608 -90.67449237029449 1.0
62 16 1 672 724 628 936 42.50097752730709 -90.66984479546417 1.0
63 16 1 1188 132 1124 130 42.50057443580581 -90.6711810044992 1.0
64 16 1 1442 182 1498 156 42.50073236200606 -90.67083075506685 1.0
65 17 1 1074 226 892 216 42.50006299446727 -90.67307669883465 1.0
66 17 1 1146 750 1396 994 42.50019420940705 -90.6737581767775 1.0
67 17 1 1674 302 1776 266 42.50002883262375 -90.67340396938363 1.0
68 18 1 780 1250 294 1304 42.50016423469167 -90.67476590344833 1.0
69 18 1 2298 1474 2466 1478 42.500071055340484 -90.67456621304198 1.0
70 19 1 598 1144 150 1114 42.50026293303061 -90.67514693641236 1.0
71 19 1 1380 398 1338 358 42.50051501982943 -90.67501227692642 1.0
72 19 1 1968 1818 2454 1838 42.50026033926755 -90.67508012966185 1.0
73 19 1 2214 516 2378 530 42.50052356636904 -90.6748127614388 1.0
74 20 1 644 816 526 792 42.500050818210646 -90.6749829040608 1.0
75 20 1 1568 1372 2150 1674 42.50006745426986 -90.67493582115318 1.0
76 21 1 1042 678 1202 904 42.499999137475555 -90.6752369133606 1.0
77 21 1 1184 166 1300 112 42.49995839644718 -90.6759221666031 1.0
78 21 1 1380 154 1484 146 42.499984998039515 -90.67601409889477 1.0
79 22 1 304 196 140 200 42.499419501291435 -90.67959622493905 1.0
80 22 1 576 748 462 972 42.49926472978459 -90.68029633047969 1.0
81 22 1 1056 270 1060 200 42.49922025433865 -90.67984589655589 1.0
82 22 1 1478 402 1642 398 42.49917047830832 -90.68006905890167 1.0
83 23 1 1058 1000 316 1128 42.499129403809235 -90.68058864433493 1.0
84 23 1 1840 1044 1932 1002 42.49898058518693 -90.68028458467698 1.0
85 24 1 318 1134 20 1380 42.499160555800366 -90.68074402202255 1.0
86 24 1 658 1056 70 1066 42.49916546285972 -90.68072548389134 1.0
87 24 1 782 532 910 376 42.49921923433924 -90.68071678378158 1.0
88 24 1 1606 1656 2430 1630 42.49914905816851 -90.68068679560942 1.0
89 25 1 732 1090 524 1060 42.49913488772697 -90.68032588099547 1.0
90 25 1 1338 1680 1046 1902 42.49912915453727 -90.680387295821 1.0
91 25 1 1948 1630 2494 1858 42.49911080694722 -90.68040330666055 1.0
92 25 1 2344 1268 2554 1116 42.49908662394501 -90.68041016522163 1.0
93 26 1 246 720 70 682 42.49905658075009 -90.68160900567017 1.0
94 26 1 762 822 658 1040 42.49910723005207 -90.68156852025173 1.0
95 26 1 1186 252 1188 144 42.499123228197384 -90.68225806486709 1.0
96 26 1 1482 278 1664 268 42.499171781668984 -90.68217234311388 1.0
97 26 1 1708 758 1898 744 42.499174793560826 -90.6816248101573 1.0
98 27 1 210 228 36 240 42.498434220114135 -90.68766719480998 1.0
99 27 1 442 148 316 110 42.49839567249443 -90.68720845100229 1.0
100 27 1 888 220 1110 212 42.49830615550096 -90.68758984942971 1.0
101 27 1 1226 518 1474 634 42.49831216978881 -90.68812023259272 1.0
102 28 1 218 570 22 686 42.49828091086274 -90.68754855835564 1.0
103 28 1 374 286 142 232 42.49823846329093 -90.68750226266465 1.0
104 28 1 1490 298 1654 214 42.49811908029784 -90.68767347084322 1.0
105 28 1 1512 738 1834 834 42.49823104635066 -90.68764398587527 1.0
106 29 1 626 708 228 936 42.498873660315965 -90.69278107579365 1.0
107 29 1 976 466 734 484 42.49870252651579 -90.69246699245936 1.0
108 29 1 1336 358 1332 276 42.49849592144246 -90.69218483662368 1.0
109 29 1 1714 574 1882 570 42.49879613642599 -90.69284016354509 1.0
110 30 1 200 692 38 736 42.499552313593796 -90.6943830933236 1.0
111 30 1 564 532 518 530 42.49963555899198 -90.6942458767824 1.0
112 30 1 742 478 888 436 42.49966760338598 -90.69417035029879 1.0
113 30 1 874 702 1336 836 42.499598167272204 -90.69413411638138 1.0
114 31 1 490 490 94 478 42.49937005583081 -90.6937451385561 1.0
115 31 1 1148 928 1552 934 42.49941442175525 -90.69376204923364 1.0
116 32 1 384 562 90 570 42.499271297166565 -90.69398568216728 1.0
117 32 1 1102 642 1108 586 42.499501799044694 -90.69412077076836 1.0
118 32 1 1374 856 1558 904 42.49946925436031 -90.69401984264321 1.0
119 33 1 602 702 496 976 42.49944060056062 -90.6943539683265 1.0
120 33 1 876 134 706 112 42.49975274345347 -90.69616184562081 1.0
121 33 1 1520 212 1744 192 42.499829791772655 -90.69559248389534 1.0
122 34 1 546 212 428 176 42.49957625592188 -90.69549117373037 1.0
123 34 1 906 262 1030 250 42.49956179475342 -90.69567958517209 1.0
124 34 1 1282 558 1748 726 42.499667094129094 -90.69588417628258 1.0
125 35 1 272 390 38 486 42.49978972967056 -90.69625081354287 1.0
126 35 1 1360 186 1414 62 42.499959518215384 -90.69672147440505 1.0
127 35 1 1394 836 1740 990 42.499983201547124 -90.69640278762736 1.0
128 36 1 722 580 580 844 42.49963151855537 -90.69667199919341 1.0
129 36 1 1020 238 916 232 42.49946528060376 -90.69714965863905 1.0
130 36 1 1304 188 1298 132 42.49944048599539 -90.69737409852294 1.0
131 36 1 1434 210 1554 202 42.49951403302748 -90.6972174190498 1.0
132 36 1 1738 276 1858 274 42.499626211338715 -90.69695942561904 1.0
133 37 1 882 636 1142 988 42.49891912455647 -90.69827282815928 1.0
134 37 1 1136 302 1036 274 42.49904562916012 -90.69783396421386 1.0
135 38 1 710 886 22 906 42.498828807310524 -90.69850113827293 1.0
136 38 1 1788 860 1686 832 42.49882221864079 -90.69823742861591 1.0
137 38 1 2182 958 2218 942 42.49879788915011 -90.69817817354782 1.0
138 38 1 2308 1000 2418 1032 42.49878985864181 -90.69817436820776 1.0
139 39 1 380 674 150 468 42.49866515520514 -90.69855519681701 1.0
140 39 1 512 946 36 954 42.49865798876669 -90.69854031516982 1.0
141 39 1 1704 1468 2470 1468 42.49865578674783 -90.69850547945214 1.0
142 40 1 540 620 452 618 42.49861645901956 -90.69877864749586 1.0
143 40 1 1126 940 1490 1106 42.49865023450507 -90.69872222773053 1.0
