S1:
0 00, 0 07, 0 09, 0 15, 0 18
0 01, 0 06, 0 11, 0 12, 0 19
0 02, 0 05, 0 08, 0 14, 0 17
0 03, 0 04, 0 10, 0 13, 0 16 
1 00, 1 07, 1 10, 1 13, 1 19
1 01, 1 05, 1 11, 1 12, 1 18
1 02, 1 06, 1 08, 1 15, 1 17
1 03, 1 04, 1 09, 1 14, 1 16

S2:
0 20, 0 25, 0 30, 0 34
0 21, 0 26, 0 28, 0 35
0 22, 0 27, 0 29, 0 32
0 23, 0 24, 0 31, 0 33

S4:
0 80, 1 84
0 82, 1 80
1 89, 1 86, 0 90
1 88, 1 91, 0 84
0 112, 1 114
1 115, 1 113, 0 113
0 121, 1 117
1 122, 0 116
0 119, 1 124, 0 126
1 119, 0 123, 1 127
1 128, 0 124, 0 118, 1 134
0 130, 1 125, 1 120, 0 132
1 126, 1 121
0 125, 0 120
1 141, 0 134, 1 143
0 140, 1 135, 1 130, 0 143
0 135, 0 131
1 136, 1 132
0 142, 0 139
0 141, 0 128
1 141, 1 143, 0 138
1 142, 1 130, 0 143, 1 140