00 01 42.525472 -90.723381
01 02 42.525903 -90.723797
02 03 42.525779 -90.723339
102 03 42.525663 -90.723237 
03 04 42.525488 -90.723784
103 04 42.525612 -90.723864
04 06 42.492070 -90.723286
104 06 42.491868 -90.723250
05 07 42.492166 -90.723860
06 08 42.491695 -90.723687
07 09 42.491755 -90.724130
107 09 42.491952 -90.724186
08 10 42.497809 -90.673323
09 10 42.497735 -90.673268
10 10 42.497188 -90.673711
11 10 42.497501 -90.673752
13 11 42.496646 -90.673982
15 12 42.496662 -90.674121
16 12 42.496508 -90.674316
17 13 42.496386 -90.674302
18 13 42.496364 -90.674743
19 13 42.496235 -90.674667
20 14 42.494566 -90.676327
21 14 42.494751 -90.676356
22 14 42.495294 -90.675614
23 14 42.494704 -90.676006 
25 15 42.496519 -90.675057
26 15 42.496920 -90.679159
27 16 42.500992 -90.669835
28 17 42.499798 -90.672104
128 17 42.499813 -90.672175
30 17 42.500077 -90.672748
31 17 42.499301 -90.672408
32 17 42.500209 -90.671804
132 17 42.500143 -90.671760
33 18 42.500144 -90.674819 
34 18 42.500187 -90.673751
35 19 42.500146 -90.674813
36 19 42.500541 -90.675051
37 19 42.500569 -90.674742
39 20 42.500092 -90.675021
40 20 42.499943 -90.675623
41 21 42.499796 -90.676226
42 21 42.499678 -90.676795
43 22 42.499445 -90.678686
44 22 42.499302 -90.679897
200 22 42.499302 -90.679777
201 22 42.499390 -90.678763
202 22 42.499470 -90.678816
45 23 42.499201 -90.680566
203 24 42.499287 -90.680846
46 25 42.498618 -90.685524
47 26 42.498933 -90.682928
204 26 42.499005 -90.682817
205 26 42.498884 -90.682978
206 26 42.498838 -90.684063
207 26 42.498736 -90.684239
48 27 42.498408 -90.687906
148 27 42.498303 -90.687895
49 27 42.498578 -90.686726
50 27 42.498345 -90.686680
51 29 42.498040 -90.690226
52 28 42.498259 -90.688468
152 28 42.498384 -90.688473
208 28 42.498533 -90.688091
209 28 42.498541 -90.688201
210 28 42.497872 -90.688062
53 29 42.497076 -90.688405
54 29 42.498636 -90.692223
211 29 42.498605 -90.691975
212 29 42.498487 -90.692053
213 29 42.498174 -90.690784
214 29 42.497963 -90.690945
55 30 42.498868 -90.693320
56 30 42.499200 -90.692951
57 30 42.499218 -90.693594
58 31 42.499344 -90.693920
59 33 42.499650 -90.696035
60 34 42.499453 -90.694484
61 35 42.499927 -90.696405
62 36 42.499653 -90.696666
63 37 42.499045 -90.697950
64 38 42.499285 -90.697874
65 39 42.498765 -90.698518
66 39 42.498818 -90.698998
67 40 42.498534 -90.699017