56,264,1564,863,978,565,-1,-1,-1
57,264,1311,838,1186,588,-1,-1,-1
58,264,1093,813,1304,605,-1,-1,-1
59,264,785,780,1404,619,-1,-1,-1
60,264,513,750,1388,624,-1,-1,-1
61,264,300,727,1296,618,-1,-1,-1
62,264,167,705,1106,608,-1,-1,-1
63,264,117,692,1009,605,-1,-1,-1
64,264,94,686,914,599,-1,-1,-1
78,265,51,834,966,476,-1,-1,-1
79,265,17,808,744,465,-1,-1,-1
80,265,17,800,682,465,-1,-1,-1
81,265,12,790,589,457,-1,-1,-1
94,266,1559,997,948,431,-1,-1,-1
95,266,1321,972,1073,444,-1,-1,-1
96,266,1114,948,1126,455,-1,-1,-1
97,266,813,917,1164,459,-1,-1,-1
98,266,535,885,1156,464,-1,-1,-1
99,266,313,853,1062,464,-1,-1,-1
100,266,221,834,1003,468,-1,-1,-1
101,266,181,822,931,470,-1,-1,-1
135,263,1498,927,1002,474,-1,-1,-1
136,263,1269,903,1113,490,-1,-1,-1
137,263,1084,879,1132,507,-1,-1,-1
138,263,803,854,1169,515,-1,-1,-1
139,263,538,830,1164,514,-1,-1,-1
140,263,310,807,1108,509,-1,-1,-1
141,263,170,783,945,506,-1,-1,-1
142,263,120,773,842,505,-1,-1,-1
143,263,97,767,758,503,-1,-1,-1
159,267,1255,287,62,51,-1,-1,-1
160,267,1253,287,65,51,-1,-1,-1
161,267,1251,287,68,52,-1,-1,-1
162,267,1251,287,70,52,-1,-1,-1
163,267,1250,286,72,54,-1,-1,-1
164,267,1249,286,73,55,-1,-1,-1
165,267,1248,286,77,57,-1,-1,-1
166,267,1248,286,80,57,-1,-1,-1
167,267,1248,286,82,58,-1,-1,-1
168,267,1249,287,83,58,-1,-1,-1
169,267,1250,287,84,58,-1,-1,-1
170,267,1252,288,84,58,-1,-1,-1
171,267,1254,288,85,59,-1,-1,-1
172,267,1254,288,88,60,-1,-1,-1
173,267,1254,288,90,61,-1,-1,-1
174,267,1255,288,90,62,-1,-1,-1
175,267,1257,288,90,62,-1,-1,-1
176,267,1258,288,90,62,-1,-1,-1
177,267,1264,290,88,60,-1,-1,-1
178,267,1272,293,86,57,-1,-1,-1
179,267,1281,296,83,54,-1,-1,-1
180,267,1285,298,81,53,-1,-1,-1
181,267,1288,300,80,52,-1,-1,-1
182,267,1290,302,78,51,-1,-1,-1
183,267,1291,304,77,51,-1,-1,-1
184,267,1292,306,76,51,-1,-1,-1
185,267,1294,307,75,50,-1,-1,-1
186,267,1295,309,74,50,-1,-1,-1
187,267,1295,310,73,50,-1,-1,-1
188,267,1295,311,74,51,-1,-1,-1
189,267,1294,311,77,52,-1,-1,-1
190,267,1295,312,79,53,-1,-1,-1
191,267,1297,312,79,55,-1,-1,-1
192,267,1301,313,78,56,-1,-1,-1
193,267,1301,313,80,58,-1,-1,-1
194,267,1302,313,82,59,-1,-1,-1
195,267,1305,313,81,61,-1,-1,-1
196,267,1308,313,78,62,-1,-1,-1
197,267,1312,314,75,62,-1,-1,-1
198,267,1313,314,74,63,-1,-1,-1
199,267,1314,315,75,64,-1,-1,-1
200,267,1314,315,76,65,-1,-1,-1
201,233,8,908,1342,888,-1,-1,-1
201,267,1315,318,82,64,-1,-1,-1
202,233,109,937,1563,884,-1,-1,-1
202,267,1316,322,89,65,-1,-1,-1
203,233,129,939,1632,890,-1,-1,-1
203,267,1316,326,97,66,-1,-1,-1
204,233,213,951,1664,888,-1,-1,-1
204,267,1318,328,97,66,-1,-1,-1
205,267,1319,330,96,68,-1,-1,-1
206,267,1320,331,95,69,-1,-1,-1
207,267,1320,331,93,72,-1,-1,-1
208,267,1319,333,93,76,-1,-1,-1
209,267,1320,333,92,79,-1,-1,-1
210,267,1321,335,91,82,-1,-1,-1
211,267,1322,334,89,87,-1,-1,-1
212,267,1324,334,90,92,-1,-1,-1
213,267,1324,333,92,97,-1,-1,-1
214,267,1325,336,94,99,-1,-1,-1
215,267,1326,338,95,99,-1,-1,-1
216,267,1327,341,95,99,-1,-1,-1
217,267,1327,343,96,101,-1,-1,-1
218,267,1328,345,98,103,-1,-1,-1
219,267,1329,346,99,105,-1,-1,-1
220,267,1331,348,101,108,-1,-1,-1
221,267,1332,350,103,111,-1,-1,-1
222,267,1333,354,106,109,-1,-1,-1
223,267,1334,358,108,106,-1,-1,-1
224,267,1336,362,109,101,-1,-1,-1
225,267,1339,364,108,101,-1,-1,-1
226,267,1342,367,108,102,-1,-1,-1
227,267,1343,370,108,104,-1,-1,-1
228,267,1343,373,109,106,-1,-1,-1
229,267,1343,375,109,110,-1,-1,-1
230,267,1344,377,110,113,-1,-1,-1
231,267,1343,379,114,115,-1,-1,-1
232,267,1344,382,119,117,-1,-1,-1
233,267,1345,384,124,122,-1,-1,-1
234,267,1347,385,128,126,-1,-1,-1
235,267,1348,387,132,131,-1,-1,-1
236,267,1350,389,137,136,-1,-1,-1
237,267,1353,392,139,141,-1,-1,-1
238,267,1355,395,143,147,-1,-1,-1
239,267,1356,398,146,150,-1,-1,-1
240,267,1356,402,152,153,-1,-1,-1
241,267,1359,407,155,154,-1,-1,-1
242,267,1364,412,157,156,-1,-1,-1
243,267,1369,418,161,157,-1,-1,-1
244,267,1371,423,166,159,-1,-1,-1
245,267,1373,428,169,159,-1,-1,-1
246,267,1376,434,174,159,-1,-1,-1
247,267,1379,441,179,160,-1,-1,-1
248,267,1384,446,183,165,-1,-1,-1
249,267,1388,449,187,173,-1,-1,-1
250,267,1393,451,189,180,-1,-1,-1
251,267,1397,454,194,184,-1,-1,-1
252,267,1400,456,199,188,-1,-1,-1
253,267,1403,459,206,191,-1,-1,-1
254,267,1404,462,213,196,-1,-1,-1
255,267,1408,465,219,202,-1,-1,-1
256,267,1410,467,226,209,-1,-1,-1
257,267,1414,470,230,216,-1,-1,-1
258,267,1417,473,236,222,-1,-1,-1
259,267,1420,477,241,225,-1,-1,-1
260,267,1423,482,246,228,-1,-1,-1
261,267,1427,485,251,232,-1,-1,-1
262,267,1432,486,255,238,-1,-1,-1
263,267,1437,488,257,243,-1,-1,-1
264,267,1443,492,259,249,-1,-1,-1
265,267,1448,497,263,253,-1,-1,-1
266,267,1451,501,269,258,-1,-1,-1
267,267,1456,506,273,262,-1,-1,-1
268,267,1460,509,276,268,-1,-1,-1
269,267,1463,513,279,274,-1,-1,-1
270,267,1466,517,281,279,-1,-1,-1
271,267,1471,523,283,282,-1,-1,-1
272,267,1476,528,282,284,-1,-1,-1
273,267,1480,535,282,284,-1,-1,-1
274,267,1484,540,282,285,-1,-1,-1
275,267,1487,543,283,288,-1,-1,-1
276,267,1490,545,284,295,-1,-1,-1
277,267,1491,546,287,302,-1,-1,-1
278,267,1490,548,290,309,-1,-1,-1
279,267,1488,549,297,315,-1,-1,-1
280,267,1486,552,302,319,-1,-1,-1
281,267,1486,554,306,322,-1,-1,-1
282,267,1487,556,306,323,-1,-1,-1
283,267,1488,558,307,324,-1,-1,-1
284,267,1488,558,307,326,-1,-1,-1
285,267,1488,559,308,326,-1,-1,-1
286,267,1487,559,310,328,-1,-1,-1
287,267,1487,559,310,329,-1,-1,-1
288,267,1487,557,311,331,-1,-1,-1
289,267,1486,557,311,331,-1,-1,-1
290,267,1486,557,312,332,-1,-1,-1
291,267,1486,557,311,333,-1,-1,-1
292,267,1486,557,311,334,-1,-1,-1
293,234,73,1026,1699,870,-1,-1,-1
293,267,1487,557,311,335,-1,-1,-1
294,234,92,1047,1846,846,-1,-1,-1
294,267,1487,557,311,336,-1,-1,-1
295,234,122,1051,1878,844,-1,-1,-1
295,267,1487,558,311,337,-1,-1,-1
296,267,1487,557,311,338,-1,-1,-1
297,267,1487,558,312,337,-1,-1,-1
298,267,1487,558,311,336,-1,-1,-1
299,267,1487,558,311,336,-1,-1,-1
300,267,1487,558,310,335,-1,-1,-1
301,267,1486,558,312,335,-1,-1,-1
302,267,1485,558,313,337,-1,-1,-1
303,267,1486,557,314,337,-1,-1,-1
304,267,1485,555,315,339,-1,-1,-1
305,181,717,884,1302,496,-1,-1,-1
305,267,1484,555,316,339,-1,-1,-1
306,181,464,861,1303,499,-1,-1,-1
306,267,1483,555,318,340,-1,-1,-1
307,181,322,848,1248,488,-1,-1,-1
307,267,1484,556,316,338,-1,-1,-1
308,181,168,822,1117,484,-1,-1,-1
308,267,1485,557,316,337,-1,-1,-1
309,181,124,808,1024,482,-1,-1,-1
309,267,1486,558,314,336,-1,-1,-1
310,181,97,797,950,487,-1,-1,-1
310,267,1486,558,314,336,-1,-1,-1
311,267,1486,559,314,336,-1,-1,-1
312,267,1486,559,314,336,-1,-1,-1
313,267,1486,559,314,336,-1,-1,-1
314,267,1486,558,313,336,-1,-1,-1
315,267,1487,558,312,336,-1,-1,-1
316,267,1486,558,313,336,-1,-1,-1
317,267,1486,558,313,336,-1,-1,-1
318,267,1486,558,312,335,-1,-1,-1
319,267,1487,560,311,335,-1,-1,-1
320,267,1487,561,311,334,-1,-1,-1
321,267,1487,563,310,333,-1,-1,-1
322,267,1486,565,311,333,-1,-1,-1
323,267,1485,567,313,333,-1,-1,-1
324,267,1482,570,318,336,-1,-1,-1
325,267,1481,569,321,339,-1,-1,-1
326,267,1479,570,324,335,-1,-1,-1
327,182,804,868,1241,521,-1,-1,-1
327,267,1478,571,325,336,-1,-1,-1
328,182,545,841,1239,521,-1,-1,-1
328,267,1477,574,329,340,-1,-1,-1
329,182,385,819,1193,520,-1,-1,-1
329,267,1477,576,330,352,-1,-1,-1
330,182,210,790,1070,520,-1,-1,-1
330,267,1477,577,330,358,-1,-1,-1
331,182,152,773,983,524,-1,-1,-1
331,267,1475,579,331,365,-1,-1,-1
332,182,121,766,908,525,-1,-1,-1
332,267,1471,582,337,368,-1,-1,-1
333,267,1464,586,344,370,-1,-1,-1
334,267,1457,590,352,373,-1,-1,-1
335,267,1447,594,359,378,-1,-1,-1
336,267,1436,595,366,387,-1,-1,-1
337,267,1422,597,371,397,-1,-1,-1
338,267,1406,597,378,406,-1,-1,-1
339,267,1385,601,394,414,-1,-1,-1
340,267,1357,606,421,421,-1,-1,-1
341,267,1330,611,445,430,-1,-1,-1
342,267,1304,618,469,435,-1,-1,-1
343,267,1276,620,492,446,-1,-1,-1
344,267,1241,622,523,458,-1,-1,-1
345,267,1200,622,563,472,-1,-1,-1
346,267,1154,627,608,480,-1,-1,-1
347,267,1103,635,650,482,-1,-1,-1
348,267,1049,644,692,480,-1,-1,-1
349,267,993,652,734,481,-1,-1,-1
350,267,931,662,780,480,-1,-1,-1
351,267,868,671,821,480,-1,-1,-1
352,267,798,681,865,478,-1,-1,-1
353,267,726,689,910,475,-1,-1,-1
354,267,647,694,957,477,-1,-1,-1
355,267,567,700,1003,473,-1,-1,-1
356,267,484,705,1046,471,-1,-1,-1
357,267,398,708,1092,466,-1,-1,-1
358,267,310,709,1128,467,-1,-1,-1
359,267,218,706,1167,469,-1,-1,-1
360,267,142,705,1172,471,-1,-1,-1
361,267,82,702,1158,474,-1,-1,-1
362,267,48,697,1112,477,-1,-1,-1
363,267,26,689,1048,485,-1,-1,-1
364,267,15,679,962,494,-1,-1,-1
365,267,8,668,863,508,-1,-1,-1
366,267,5,657,759,519,-1,-1,-1
367,267,4,647,653,523,-1,-1,-1
368,267,3,639,545,514,-1,-1,-1
369,267,2,636,433,496,-1,-1,-1
370,267,1,635,378,485,-1,-1,-1
371,267,1,636,338,477,-1,-1,-1
452,221,339,1043,2132,869,-1,-1,-1
453,221,652,1064,1866,846,-1,-1,-1
454,221,959,1091,1560,818,-1,-1,-1
455,221,1163,1109,1363,799,-1,-1,-1
456,221,1288,1130,1236,779,-1,-1,-1
477,235,861,1065,1688,827,-1,-1,-1
478,235,1055,1080,1492,820,-1,-1,-1
479,235,1119,1078,1425,824,-1,-1,-1
614,183,1632,933,872,482,-1,-1,-1
615,183,1387,904,1004,502,-1,-1,-1
616,183,1165,885,1063,503,-1,-1,-1
617,183,842,854,1124,511,-1,-1,-1
618,183,549,823,1126,511,-1,-1,-1
619,183,318,788,1036,516,-1,-1,-1
620,183,222,770,972,518,-1,-1,-1
621,183,180,759,898,521,-1,-1,-1
685,185,1552,1010,960,478,-1,-1,-1
686,185,1280,986,1108,491,-1,-1,-1
687,185,1054,970,1158,489,-1,-1,-1
688,185,723,942,1204,488,-1,-1,-1
689,185,451,914,1155,486,-1,-1,-1
690,185,307,897,1129,486,-1,-1,-1
691,185,257,889,1061,482,-1,-1,-1
820,186,849,878,1222,514,-1,-1,-1
821,186,606,854,1204,519,-1,-1,-1
822,186,440,842,1169,511,-1,-1,-1
823,186,253,812,1069,513,-1,-1,-1
824,186,174,800,1013,510,-1,-1,-1
825,186,144,784,940,519,-1,-1,-1
1192,187,1704,1013,840,443,-1,-1,-1
1193,187,1457,997,1032,451,-1,-1,-1
1194,187,1245,980,1136,459,-1,-1,-1
1195,187,949,949,1199,466,-1,-1,-1
1196,187,644,919,1216,470,-1,-1,-1
1197,187,394,887,1135,467,-1,-1,-1
1198,187,266,875,1104,460,-1,-1,-1
1199,187,222,864,1032,458,-1,-1,-1
1247,188,666,816,1248,521,-1,-1,-1
1248,188,406,782,1242,527,-1,-1,-1
1249,188,278,765,1154,524,-1,-1,-1
1250,188,140,735,989,521,-1,-1,-1
1251,188,109,725,876,516,-1,-1,-1
1252,188,83,710,798,517,-1,-1,-1
1373,190,1583,905,916,505,-1,-1,-1
1374,190,1365,887,1033,508,-1,-1,-1
1375,190,1180,873,1063,503,-1,-1,-1
1376,190,916,854,1089,498,-1,-1,-1
1377,190,641,827,1094,503,-1,-1,-1
1378,190,404,797,1056,506,-1,-1,-1
1379,190,222,770,961,510,-1,-1,-1
1380,190,159,755,888,513,-1,-1,-1
1381,190,127,750,826,514,-1,-1,-1
1396,191,990,873,1224,488,-1,-1,-1
1397,191,746,852,1231,490,-1,-1,-1
1398,191,557,834,1231,489,-1,-1,-1
1399,191,336,803,1180,496,-1,-1,-1
1400,191,186,777,1057,500,-1,-1,-1
1401,191,130,761,968,502,-1,-1,-1
1402,191,105,756,891,501,-1,-1,-1
1419,192,1747,924,803,473,-1,-1,-1
1420,192,1560,906,967,486,-1,-1,-1
1421,192,1405,893,1043,494,-1,-1,-1
1422,192,1171,874,1122,494,-1,-1,-1
1423,192,916,853,1163,498,-1,-1,-1
1424,192,644,826,1193,502,-1,-1,-1
1425,192,404,797,1175,511,-1,-1,-1
1426,192,230,768,1080,516,-1,-1,-1
1427,192,128,742,913,518,-1,-1,-1
1428,192,91,729,814,518,-1,-1,-1
1429,192,73,722,744,516,-1,-1,-1
1575,193,770,895,1270,580,-1,-1,-1
1576,193,497,869,1279,584,-1,-1,-1
1577,193,428,863,1280,584,-1,-1,-1
1578,193,320,853,1287,585,-1,-1,-1
1854,194,1553,951,947,510,-1,-1,-1
1855,194,1320,927,1072,526,-1,-1,-1
1856,194,1131,902,1111,534,-1,-1,-1
1857,194,850,872,1156,542,-1,-1,-1
1858,194,579,852,1161,542,-1,-1,-1
1859,194,350,830,1104,519,-1,-1,-1
1860,194,194,802,967,507,-1,-1,-1
1861,194,111,770,757,483,-1,-1,-1
1862,194,77,752,644,486,-1,-1,-1
1863,194,63,743,563,476,-1,-1,-1
1923,195,1559,932,938,486,-1,-1,-1
1924,195,1287,904,1073,506,-1,-1,-1
1925,195,1069,884,1108,507,-1,-1,-1
1926,195,747,859,1143,502,-1,-1,-1
1927,195,477,832,1103,494,-1,-1,-1
1928,195,327,816,1088,492,-1,-1,-1
1929,195,268,804,1034,495,-1,-1,-1
2041,196,953,856,1122,478,-1,-1,-1
2042,196,704,834,1135,477,-1,-1,-1
2043,196,519,809,1125,482,-1,-1,-1
2044,196,307,783,1063,484,-1,-1,-1
2045,196,169,757,918,483,-1,-1,-1
2046,196,119,748,824,481,-1,-1,-1
2047,196,96,738,744,479,-1,-1,-1
2381,31,3,896,611,669,-1,-1,-1
2382,31,3,868,741,689,-1,-1,-1
2383,31,3,863,845,683,-1,-1,-1
2384,31,3,855,977,681,-1,-1,-1
2385,31,5,849,1115,678,-1,-1,-1
2386,31,5,838,1242,685,-1,-1,-1
2387,31,31,830,1337,681,-1,-1,-1
2388,31,88,824,1388,680,-1,-1,-1
2389,31,196,824,1375,665,-1,-1,-1
2390,31,317,824,1337,650,-1,-1,-1
2391,31,446,822,1274,627,-1,-1,-1
2392,31,569,819,1209,606,-1,-1,-1
2393,31,691,818,1138,582,-1,-1,-1
2394,31,808,819,1064,550,-1,-1,-1
2395,31,921,815,987,520,-1,-1,-1
2396,31,1030,805,909,497,-1,-1,-1
2397,31,1129,795,832,482,-1,-1,-1
2398,31,1217,785,764,466,-1,-1,-1
2399,31,1296,778,698,444,-1,-1,-1
2400,31,1365,770,641,422,-1,-1,-1
2401,31,1428,763,585,398,-1,-1,-1
2402,31,1481,752,538,379,-1,-1,-1
2403,31,1534,742,492,362,-1,-1,-1
2404,31,1576,731,451,347,-1,-1,-1
2405,31,1612,721,414,333,-1,-1,-1
2406,31,1640,708,380,320,-1,-1,-1
2407,31,1668,697,347,303,-1,-1,-1
2408,31,1691,688,318,286,-1,-1,-1
2409,31,1711,676,296,270,-1,-1,-1
2410,31,1723,662,281,259,-1,-1,-1
2411,31,1730,648,270,249,-1,-1,-1
2412,31,1729,637,264,240,-1,-1,-1
2413,31,1724,624,258,233,-1,-1,-1
2414,31,1716,608,254,230,-1,-1,-1
2415,31,1706,592,252,226,-1,-1,-1
2416,31,1693,580,254,221,-1,-1,-1
2417,31,1679,569,254,215,-1,-1,-1
2418,31,1664,559,252,210,-1,-1,-1
2419,31,1650,548,249,205,-1,-1,-1
2420,31,1633,537,250,198,-1,-1,-1
2421,31,1620,526,248,191,-1,-1,-1
2422,31,1607,518,245,183,-1,-1,-1
2423,31,1598,510,238,175,-1,-1,-1
2424,31,1585,503,235,167,-1,-1,-1
2425,31,1574,498,229,160,-1,-1,-1
2426,31,1563,493,223,155,-1,-1,-1
2427,31,1557,487,212,150,-1,-1,-1
2428,31,1550,481,200,147,-1,-1,-1
2429,31,1540,474,195,144,-1,-1,-1
2430,31,1529,467,190,142,-1,-1,-1
2431,31,1518,460,187,138,-1,-1,-1
2432,31,1510,452,181,137,-1,-1,-1
2433,31,1501,446,178,134,-1,-1,-1
2434,31,1492,441,174,130,-1,-1,-1
2435,31,1484,436,170,127,-1,-1,-1
2436,31,1478,430,164,124,-1,-1,-1
2437,31,1472,424,159,122,-1,-1,-1
2438,31,1465,419,155,118,-1,-1,-1
2439,31,1460,415,149,115,-1,-1,-1
2440,31,1454,411,146,112,-1,-1,-1
2441,31,1447,407,144,110,-1,-1,-1
2442,31,1440,403,143,107,-1,-1,-1
2443,31,1435,399,139,105,-1,-1,-1
2444,31,1430,396,134,102,-1,-1,-1
2445,31,1425,391,130,101,-1,-1,-1
2446,31,1421,387,126,101,-1,-1,-1
2447,31,1417,383,123,100,-1,-1,-1
2448,31,1413,380,119,98,-1,-1,-1
2449,31,1409,377,115,96,-1,-1,-1
2450,31,1403,374,112,94,-1,-1,-1
2451,31,1399,372,108,92,-1,-1,-1
2452,31,1394,369,107,89,-1,-1,-1
2453,31,1391,367,105,87,-1,-1,-1
2454,31,1388,365,105,84,-1,-1,-1
2454,268,852,857,1265,545,-1,-1,-1
2455,31,1386,362,102,83,-1,-1,-1
2455,268,580,831,1261,548,-1,-1,-1
2456,31,1383,359,100,81,-1,-1,-1
2456,268,416,813,1203,543,-1,-1,-1
2457,31,1380,357,98,79,-1,-1,-1
2457,268,224,787,1080,534,-1,-1,-1
2458,31,1375,354,99,77,-1,-1,-1
2458,268,161,775,991,529,-1,-1,-1
2459,31,1370,353,101,76,-1,-1,-1
2459,268,128,766,910,528,-1,-1,-1
2460,31,1367,351,103,76,-1,-1,-1
2461,31,1365,350,104,76,-1,-1,-1
2545,198,767,826,1258,555,-1,-1,-1
2546,198,538,799,1265,566,-1,-1,-1
2547,198,389,784,1246,567,-1,-1,-1
2548,198,224,765,1168,560,-1,-1,-1
2549,198,134,748,1013,550,-1,-1,-1
2550,198,98,738,919,547,-1,-1,-1
2551,198,77,732,850,544,-1,-1,-1
2561,199,955,896,1242,467,-1,-1,-1
2562,199,744,880,1234,470,-1,-1,-1
2563,199,567,873,1231,464,-1,-1,-1
2564,199,351,858,1192,456,-1,-1,-1
2565,199,200,841,1082,449,-1,-1,-1
2566,199,113,813,893,454,-1,-1,-1
2567,199,82,799,781,456,-1,-1,-1
2568,199,67,786,701,462,-1,-1,-1
2593,200,606,891,1355,478,-1,-1,-1
2594,200,385,868,1317,478,-1,-1,-1
2595,200,266,848,1235,475,-1,-1,-1
2596,200,141,818,1074,476,-1,-1,-1
2597,200,106,802,974,477,-1,-1,-1
2598,200,82,790,900,481,-1,-1,-1
2618,201,1733,977,815,470,-1,-1,-1
2619,201,1472,952,991,482,-1,-1,-1
2620,201,1256,924,1066,499,-1,-1,-1
2621,201,932,893,1129,506,-1,-1,-1
2622,201,619,862,1141,505,-1,-1,-1
2623,201,364,829,1060,505,-1,-1,-1
2624,201,247,811,1007,507,-1,-1,-1
2625,201,205,794,931,516,-1,-1,-1
2696,202,446,781,1541,606,-1,-1,-1
2697,202,246,761,1459,601,-1,-1,-1
2698,202,153,752,1323,592,-1,-1,-1
2699,202,87,735,1067,578,-1,-1,-1
2700,202,62,728,937,568,-1,-1,-1
2701,202,51,720,835,560,-1,-1,-1
2711,204,756,859,1183,533,-1,-1,-1
2712,204,487,833,1194,532,-1,-1,-1
2713,204,337,813,1133,530,-1,-1,-1
2714,204,173,780,999,524,-1,-1,-1
2715,204,127,763,899,528,-1,-1,-1
2716,204,100,751,821,528,-1,-1,-1
2730,203,812,895,1244,531,-1,-1,-1
2731,203,555,869,1245,541,-1,-1,-1
2732,203,390,856,1209,536,-1,-1,-1
2733,203,215,828,1092,539,-1,-1,-1
2734,203,151,815,1019,537,-1,-1,-1
2735,203,122,800,945,543,-1,-1,-1
2883,64,1259,283,62,53,-1,-1,-1
2884,64,1259,283,63,53,-1,-1,-1
2885,64,1259,284,64,53,-1,-1,-1
2886,64,1261,284,63,52,-1,-1,-1
2887,64,1263,284,63,53,-1,-1,-1
2888,64,1262,284,65,53,-1,-1,-1
2889,64,1261,284,68,55,-1,-1,-1
2890,64,1261,284,70,55,-1,-1,-1
2891,64,1264,284,68,56,-1,-1,-1
2892,64,1265,285,70,56,-1,-1,-1
2893,64,1265,285,72,56,-1,-1,-1
2894,64,1266,286,73,56,-1,-1,-1
2895,64,1274,287,69,54,-1,-1,-1
2896,64,1282,288,67,53,-1,-1,-1
2897,64,1290,289,65,51,-1,-1,-1
2898,64,1293,289,64,51,-1,-1,-1
2899,64,1295,290,64,52,-1,-1,-1
2900,64,1295,290,65,53,-1,-1,-1
2901,64,1294,291,67,53,-1,-1,-1
2902,64,1296,291,66,53,-1,-1,-1
2903,64,1297,291,65,54,-1,-1,-1
2904,64,1299,291,64,56,-1,-1,-1
2905,64,1301,292,63,56,-1,-1,-1
2906,64,1303,292,63,57,-1,-1,-1
2907,64,1303,291,63,58,-1,-1,-1
2908,64,1303,291,64,60,-1,-1,-1
2909,64,1302,291,67,61,-1,-1,-1
2910,64,1302,292,68,61,-1,-1,-1
2911,64,1304,292,68,62,-1,-1,-1
2912,64,1305,295,69,61,-1,-1,-1
2913,64,1306,298,69,61,-1,-1,-1
2914,64,1306,302,70,60,-1,-1,-1
2915,64,1305,304,71,60,-1,-1,-1
2916,64,1304,307,73,60,-1,-1,-1
2917,64,1304,308,74,61,-1,-1,-1
2918,64,1304,310,75,61,-1,-1,-1
2919,64,1304,311,76,62,-1,-1,-1
2920,64,1302,312,77,62,-1,-1,-1
2921,64,1303,313,77,62,-1,-1,-1
2922,64,1304,314,76,62,-1,-1,-1
2923,64,1306,314,74,64,-1,-1,-1
2924,64,1306,315,75,65,-1,-1,-1
2925,64,1306,315,74,67,-1,-1,-1
2926,64,1305,316,76,66,-1,-1,-1
2927,64,1304,317,76,66,-1,-1,-1
2928,64,1303,318,78,66,-1,-1,-1
2929,64,1303,321,79,66,-1,-1,-1
2930,64,1304,323,80,68,-1,-1,-1
2931,64,1305,325,82,71,-1,-1,-1
2932,64,1306,326,81,73,-1,-1,-1
2933,64,1307,328,80,74,-1,-1,-1
2934,64,1309,331,79,74,-1,-1,-1
2935,64,1310,332,79,77,-1,-1,-1
2936,64,1309,333,80,80,-1,-1,-1
2937,64,1308,334,83,83,-1,-1,-1
2938,64,1307,336,86,85,-1,-1,-1
2939,64,1306,337,90,88,-1,-1,-1
2940,64,1299,337,98,92,-1,-1,-1
2941,64,1299,338,101,93,-1,-1,-1
2942,64,1299,340,102,94,-1,-1,-1
2943,64,1305,344,99,94,-1,-1,-1
2944,64,1307,349,99,93,-1,-1,-1
2945,64,1309,354,99,92,-1,-1,-1
2946,64,1310,357,99,92,-1,-1,-1
2947,64,1310,360,101,94,-1,-1,-1
2948,64,1311,361,103,96,-1,-1,-1
2949,64,1312,363,105,97,-1,-1,-1
2950,64,1314,365,107,100,-1,-1,-1
2951,64,1314,367,112,100,-1,-1,-1
2952,64,1317,368,113,103,-1,-1,-1
2953,64,1319,371,114,103,-1,-1,-1
2954,64,1323,374,114,104,-1,-1,-1
2955,64,1325,379,116,102,-1,-1,-1
2956,64,1327,382,117,104,-1,-1,-1
2957,64,1329,385,119,105,-1,-1,-1
2958,64,1332,387,120,107,-1,-1,-1
2959,64,1334,389,123,110,-1,-1,-1
2960,64,1336,392,124,113,-1,-1,-1
2961,64,1338,396,127,116,-1,-1,-1
2962,64,1341,398,130,118,-1,-1,-1
2963,64,1343,400,134,122,-1,-1,-1
2964,64,1345,402,138,127,-1,-1,-1
2965,64,1347,403,142,134,-1,-1,-1
2966,64,1350,404,144,140,-1,-1,-1
2967,64,1353,406,146,144,-1,-1,-1
2968,64,1355,408,150,144,-1,-1,-1
2969,64,1357,412,155,146,-1,-1,-1
2970,64,1358,416,161,149,-1,-1,-1
2971,64,1360,421,164,152,-1,-1,-1
2972,64,1364,424,166,156,-1,-1,-1
2973,64,1366,425,168,158,-1,-1,-1
2974,64,1368,426,171,164,-1,-1,-1
2975,64,1370,428,174,167,-1,-1,-1
2976,64,1373,431,177,172,-1,-1,-1
2977,64,1376,436,178,176,-1,-1,-1
2978,64,1379,439,177,182,-1,-1,-1
2979,64,1382,443,178,188,-1,-1,-1
2980,64,1383,446,180,193,-1,-1,-1
2981,64,1384,450,183,195,-1,-1,-1
2982,64,1385,452,187,197,-1,-1,-1
2983,64,1385,456,191,197,-1,-1,-1
2984,64,1387,459,194,196,-1,-1,-1
2985,64,1390,463,196,194,-1,-1,-1
2986,64,1393,467,198,194,-1,-1,-1
2987,64,1396,470,203,196,-1,-1,-1
2988,64,1397,473,207,200,-1,-1,-1
2989,64,1398,474,213,206,-1,-1,-1
2990,64,1399,476,215,211,-1,-1,-1
2991,64,1402,478,218,216,-1,-1,-1
2992,64,1406,480,220,218,-1,-1,-1
2993,64,1409,482,226,223,-1,-1,-1
2994,64,1411,485,231,226,-1,-1,-1
2995,64,1412,488,237,231,-1,-1,-1
2996,64,1413,491,243,234,-1,-1,-1
2997,64,1416,496,248,238,-1,-1,-1
2998,64,1419,501,254,242,-1,-1,-1
2999,64,1421,508,259,245,-1,-1,-1
3000,64,1424,511,264,250,-1,-1,-1
3001,64,1425,515,270,254,-1,-1,-1
3002,64,1428,517,279,264,-1,-1,-1
3003,64,1430,521,287,271,-1,-1,-1
3004,64,1435,524,293,278,-1,-1,-1
3004,208,641,898,1296,466,-1,-1,-1
3005,64,1440,529,295,281,-1,-1,-1
3005,208,398,874,1254,464,-1,-1,-1
3006,64,1443,533,297,283,-1,-1,-1
3006,208,269,855,1155,462,-1,-1,-1
3007,64,1446,536,298,286,-1,-1,-1
3007,208,173,840,1087,457,-1,-1,-1
3008,64,1450,540,300,287,-1,-1,-1
3008,208,151,833,1009,457,-1,-1,-1
3009,64,1457,543,298,291,-1,-1,-1
3010,64,1465,548,297,294,-1,-1,-1
3011,64,1472,551,295,299,-1,-1,-1
3012,64,1474,556,296,301,-1,-1,-1
3013,64,1474,559,300,304,-1,-1,-1
3014,64,1473,563,303,306,-1,-1,-1
3015,64,1472,566,306,307,-1,-1,-1
3016,64,1473,569,307,309,-1,-1,-1
3017,64,1473,570,309,310,-1,-1,-1
3018,64,1473,571,311,311,-1,-1,-1
3019,64,1472,571,312,313,-1,-1,-1
3020,64,1473,571,311,313,-1,-1,-1
3021,64,1472,571,311,315,-1,-1,-1
3022,64,1472,571,310,315,-1,-1,-1
3023,64,1472,572,309,315,-1,-1,-1
3024,64,1473,573,308,314,-1,-1,-1
3025,64,1472,574,306,313,-1,-1,-1
3026,64,1472,574,306,312,-1,-1,-1
3027,64,1472,575,306,312,-1,-1,-1
3028,64,1472,575,306,313,-1,-1,-1
3029,64,1471,576,307,313,-1,-1,-1
3030,64,1471,576,308,313,-1,-1,-1
3031,64,1471,576,308,313,-1,-1,-1
3032,64,1471,576,308,313,-1,-1,-1
3033,64,1471,575,308,314,-1,-1,-1
3034,64,1471,574,308,315,-1,-1,-1
3035,64,1471,573,308,316,-1,-1,-1
3036,64,1471,573,308,316,-1,-1,-1
3037,64,1471,573,308,316,-1,-1,-1
3038,64,1471,573,308,316,-1,-1,-1
3039,64,1471,573,308,316,-1,-1,-1
3040,64,1471,573,308,317,-1,-1,-1
3041,64,1471,573,308,317,-1,-1,-1
3042,64,1471,573,308,317,-1,-1,-1
3043,64,1471,573,309,317,-1,-1,-1
3044,64,1471,573,308,317,-1,-1,-1
3045,64,1471,573,308,317,-1,-1,-1
3046,64,1471,573,308,317,-1,-1,-1
3047,64,1471,573,309,317,-1,-1,-1
3048,64,1471,573,309,317,-1,-1,-1
3049,64,1471,573,309,317,-1,-1,-1
3050,64,1471,573,309,317,-1,-1,-1
3051,64,1471,572,309,317,-1,-1,-1
3052,64,1470,572,310,318,-1,-1,-1
3053,64,1470,572,310,319,-1,-1,-1
3054,64,1469,572,311,319,-1,-1,-1
3055,64,1469,573,313,320,-1,-1,-1
3056,64,1469,572,313,321,-1,-1,-1
3057,64,1470,572,315,324,-1,-1,-1
3058,64,1471,571,315,327,-1,-1,-1
3059,64,1470,571,319,330,-1,-1,-1
3060,64,1469,571,322,334,-1,-1,-1
3061,64,1465,571,326,336,-1,-1,-1
3062,64,1465,572,326,338,-1,-1,-1
3063,64,1465,573,326,340,-1,-1,-1
3064,64,1465,574,327,343,-1,-1,-1
3065,64,1464,577,328,345,-1,-1,-1
3066,64,1465,576,325,345,-1,-1,-1
3066,209,1347,945,1093,526,-1,-1,-1
3067,64,1463,577,327,347,-1,-1,-1
3067,209,1067,916,1191,542,-1,-1,-1
3068,64,1463,578,328,347,-1,-1,-1
3068,209,840,894,1203,544,-1,-1,-1
3069,64,1458,582,333,355,-1,-1,-1
3069,209,541,864,1200,548,-1,-1,-1
3070,64,1457,585,335,359,-1,-1,-1
3070,209,319,831,1103,550,-1,-1,-1
3071,64,1453,589,338,365,-1,-1,-1
3071,209,173,793,905,542,-1,-1,-1
3072,64,1447,592,345,368,-1,-1,-1
3072,209,125,769,781,545,-1,-1,-1
3073,64,1439,596,350,375,-1,-1,-1
3073,209,100,756,687,538,-1,-1,-1
3074,64,1430,601,355,378,-1,-1,-1
3075,64,1420,604,358,383,-1,-1,-1
3076,64,1408,607,364,387,-1,-1,-1
3077,64,1391,610,376,393,-1,-1,-1
3078,64,1369,615,395,399,-1,-1,-1
3079,64,1342,619,418,409,-1,-1,-1
3080,64,1310,623,448,421,-1,-1,-1
3081,64,1277,628,476,431,-1,-1,-1
3082,64,1243,634,508,437,-1,-1,-1
3083,64,1207,641,536,439,-1,-1,-1
3084,64,1163,646,575,445,-1,-1,-1
3085,64,1110,649,616,453,-1,-1,-1
3086,64,1054,650,662,466,-1,-1,-1
3087,64,994,649,711,479,-1,-1,-1
3088,64,926,650,764,491,-1,-1,-1
3089,64,857,650,812,505,-1,-1,-1
3090,64,784,653,860,513,-1,-1,-1
3091,64,705,660,909,518,-1,-1,-1
3092,64,606,666,978,519,-1,-1,-1
3093,64,500,680,1055,516,-1,-1,-1
3094,64,389,687,1131,515,-1,-1,-1
3095,64,278,691,1192,515,-1,-1,-1
3096,64,177,684,1233,523,-1,-1,-1
3097,64,100,681,1239,524,-1,-1,-1
3098,64,61,677,1212,520,-1,-1,-1
3099,64,38,673,1147,512,-1,-1,-1
3100,64,29,667,1055,504,-1,-1,-1
3101,64,17,662,949,498,-1,-1,-1
3102,64,13,664,833,491,-1,-1,-1
3103,64,7,667,718,484,-1,-1,-1
3104,64,5,681,600,460,-1,-1,-1
3105,64,4,686,541,448,-1,-1,-1
3106,64,4,695,504,429,-1,-1,-1
3166,211,890,932,1217,458,-1,-1,-1
3167,211,643,904,1210,469,-1,-1,-1
3168,211,463,891,1186,465,-1,-1,-1
3169,211,267,867,1090,461,-1,-1,-1
3170,211,183,858,1032,454,-1,-1,-1
3171,211,151,847,961,454,-1,-1,-1
3178,211,1636,921,918,478,-1,-1,-1
3179,211,1410,898,1074,494,-1,-1,-1
3180,211,1222,882,1145,505,-1,-1,-1
3181,211,941,859,1201,509,-1,-1,-1
3182,211,647,829,1234,517,-1,-1,-1
3183,211,397,800,1191,519,-1,-1,-1
3184,211,216,768,1073,524,-1,-1,-1
3185,211,126,744,857,510,-1,-1,-1
3186,211,85,731,744,505,-1,-1,-1
3187,211,70,722,656,494,-1,-1,-1
3201,212,1699,838,845,548,-1,-1,-1
3202,212,1458,805,1086,584,-1,-1,-1
3203,212,1269,786,1231,600,-1,-1,-1
3204,212,989,753,1394,626,-1,-1,-1
3205,212,701,724,1466,638,-1,-1,-1
3206,212,438,699,1462,642,-1,-1,-1
3207,212,243,676,1364,633,-1,-1,-1
3208,212,137,658,1178,616,-1,-1,-1
3209,212,95,645,1073,609,-1,-1,-1
3210,212,77,640,994,604,-1,-1,-1
3521,213,1815,763,674,307,-1,-1,-1
3522,213,1772,753,664,291,-1,-1,-1
3523,213,1744,745,639,281,-1,-1,-1
3524,213,1701,733,609,263,-1,-1,-1
3525,213,1662,715,579,255,-1,-1,-1
3526,213,1621,699,552,244,-1,-1,-1
3527,213,1588,680,519,237,-1,-1,-1
3528,213,1560,666,485,227,-1,-1,-1
3529,213,1540,652,448,218,-1,-1,-1
3530,213,1525,639,414,210,-1,-1,-1
3531,213,1514,627,383,201,-1,-1,-1
3532,213,1504,615,353,191,-1,-1,-1
3533,213,1493,604,326,182,-1,-1,-1
3534,213,1481,591,302,175,-1,-1,-1
3535,213,1469,578,283,172,-1,-1,-1
3536,213,1456,566,269,168,-1,-1,-1
3537,213,1445,555,256,165,-1,-1,-1
3538,213,1437,543,240,162,-1,-1,-1
3539,213,1432,533,227,161,-1,-1,-1
3540,213,1427,525,213,157,-1,-1,-1
3541,213,1421,516,203,154,-1,-1,-1
3542,213,1414,507,192,153,-1,-1,-1
3543,213,1409,498,182,149,-1,-1,-1
3544,213,1406,490,173,144,-1,-1,-1
3545,213,1405,484,162,136,-1,-1,-1
3546,213,1404,477,154,130,-1,-1,-1
3547,213,1403,471,146,124,-1,-1,-1
3548,213,1399,465,142,119,-1,-1,-1
3549,213,1395,459,137,114,-1,-1,-1
3550,213,1391,453,133,109,-1,-1,-1
3551,213,1389,447,128,105,-1,-1,-1
3552,213,1388,444,123,98,-1,-1,-1
3553,213,1388,438,119,95,-1,-1,-1
3554,213,1384,433,121,91,-1,-1,-1
3555,213,1379,426,124,90,-1,-1,-1
3556,213,1375,421,129,89,-1,-1,-1
3557,213,1373,415,128,89,-1,-1,-1
3558,213,1369,411,127,88,-1,-1,-1
3559,213,1369,407,120,86,-1,-1,-1
3560,213,1368,403,115,83,-1,-1,-1
3561,213,1366,398,111,81,-1,-1,-1
3562,213,1363,393,109,81,-1,-1,-1
3562,214,1298,874,1212,592,-1,-1,-1
3563,213,1360,389,106,80,-1,-1,-1
3563,214,992,838,1402,620,-1,-1,-1
3564,213,1357,385,105,78,-1,-1,-1
3564,214,740,819,1496,625,-1,-1,-1
3565,213,1355,382,103,76,-1,-1,-1
3565,214,456,788,1466,628,-1,-1,-1
3566,213,1352,379,102,74,-1,-1,-1
3566,214,320,776,1443,626,-1,-1,-1
3567,213,1351,375,98,73,-1,-1,-1
3567,214,269,762,1352,630,-1,-1,-1
3568,213,1352,371,95,71,-1,-1,-1
3569,213,1354,368,89,70,-1,-1,-1
3570,213,1355,365,85,68,-1,-1,-1
3571,213,1354,362,82,67,-1,-1,-1
3572,213,1353,360,80,66,-1,-1,-1
3573,213,1352,357,77,64,-1,-1,-1
3574,213,1349,355,77,63,-1,-1,-1
3575,213,1348,353,78,60,-1,-1,-1
3576,213,1346,350,81,59,-1,-1,-1
3577,213,1344,348,86,57,-1,-1,-1
3578,213,1340,346,93,57,-1,-1,-1
3579,213,1337,344,97,55,-1,-1,-1
3580,213,1335,341,95,53,-1,-1,-1
3581,213,1333,338,91,54,-1,-1,-1
3582,213,1330,333,83,54,-1,-1,-1
3583,213,1323,329,81,54,-1,-1,-1
3584,213,1318,326,77,52,-1,-1,-1
3585,213,1312,324,80,52,-1,-1,-1
3586,213,1312,322,77,52,-1,-1,-1
3587,213,1309,321,77,52,-1,-1,-1
3588,213,1309,320,75,52,-1,-1,-1
3589,213,1307,318,74,51,-1,-1,-1
3590,213,1308,316,70,51,-1,-1,-1
3591,213,1309,314,68,51,-1,-1,-1
3592,213,1310,314,66,51,-1,-1,-1
3592,245,203,1025,1953,877,-1,-1,-1
3593,213,1309,313,67,51,-1,-1,-1
3593,245,271,1041,2037,865,-1,-1,-1
3594,245,344,1045,1987,859,-1,-1,-1
3599,197,1264,293,79,56,-1,-1,-1
3600,197,1265,293,78,56,-1,-1,-1
3601,197,1265,293,78,56,-1,-1,-1
3633,215,829,854,1221,583,-1,-1,-1
3634,215,547,814,1249,603,-1,-1,-1
3635,215,384,794,1198,600,-1,-1,-1
3636,215,205,763,1080,598,-1,-1,-1
3637,215,121,745,858,563,-1,-1,-1
3638,215,81,736,742,546,-1,-1,-1
3639,215,67,728,651,526,-1,-1,-1
3663,216,1380,968,1050,416,-1,-1,-1
3664,216,1130,942,1133,426,-1,-1,-1
3665,216,929,920,1134,431,-1,-1,-1
3666,216,639,892,1143,433,-1,-1,-1
3667,216,399,861,1085,436,-1,-1,-1
3668,216,216,829,954,439,-1,-1,-1
3669,216,154,809,859,445,-1,-1,-1
3670,216,123,797,782,447,-1,-1,-1
3816,217,1713,878,840,519,-1,-1,-1
3817,217,1488,858,1065,545,-1,-1,-1
3818,217,1290,839,1228,561,-1,-1,-1
3819,217,1014,813,1382,574,-1,-1,-1
3820,217,720,786,1465,579,-1,-1,-1
3821,217,462,760,1432,578,-1,-1,-1
3822,217,262,731,1336,578,-1,-1,-1
3823,217,147,702,1137,576,-1,-1,-1
3824,217,105,685,1034,577,-1,-1,-1
3825,217,86,677,941,574,-1,-1,-1
3836,217,1518,886,1006,575,-1,-1,-1
3837,217,1266,864,1154,588,-1,-1,-1
3838,217,1061,847,1210,589,-1,-1,-1
3839,217,773,816,1251,594,-1,-1,-1
3840,217,505,785,1242,596,-1,-1,-1
3841,217,294,755,1164,595,-1,-1,-1
3842,217,160,732,993,585,-1,-1,-1
3843,217,113,721,891,582,-1,-1,-1
3844,217,91,714,802,579,-1,-1,-1
3865,218,1245,901,1070,519,-1,-1,-1
3866,218,957,874,1121,522,-1,-1,-1
3867,218,717,852,1117,518,-1,-1,-1
3868,218,444,825,1071,512,-1,-1,-1
3869,218,304,807,1050,510,-1,-1,-1
3870,218,249,796,1002,513,-1,-1,-1
3888,219,606,799,1440,612,-1,-1,-1
3889,219,351,770,1392,607,-1,-1,-1
3890,219,234,749,1273,601,-1,-1,-1
3891,219,121,720,1049,589,-1,-1,-1
3892,219,89,707,925,584,-1,-1,-1
3893,219,70,695,824,581,-1,-1,-1
