84,1,653,1138,1720,757,-1,-1,-1
85,1,871,1131,1596,764,-1,-1,-1
86,1,915,1133,1542,761,-1,-1,-1
191,90,1140,815,1225,583,-1,-1,-1
192,90,1066,819,1238,574,-1,-1,-1
193,90,1002,824,1256,569,-1,-1,-1
194,90,912,829,1270,567,-1,-1,-1
195,90,814,833,1289,572,-1,-1,-1
196,90,717,836,1291,581,-1,-1,-1
197,90,615,840,1304,589,-1,-1,-1
198,90,514,841,1307,606,-1,-1,-1
199,90,403,847,1327,616,-1,-1,-1
200,90,298,849,1333,641,-1,-1,-1
201,90,198,859,1341,659,-1,-1,-1
202,90,124,856,1324,707,-1,-1,-1
203,90,73,862,1286,741,-1,-1,-1
204,90,43,859,1209,785,-1,-1,-1
205,90,27,872,1120,793,-1,-1,-1
206,90,19,884,1018,798,-1,-1,-1
207,90,13,912,915,782,-1,-1,-1
208,90,12,947,794,759,-1,-1,-1
209,90,8,992,665,729,-1,-1,-1
210,90,9,1018,597,711,-1,-1,-1
211,90,10,1034,549,703,-1,-1,-1
267,4,18,1228,830,684,-1,-1,-1
268,4,13,1219,1037,695,-1,-1,-1
269,4,12,1221,1111,693,-1,-1,-1
270,4,8,1221,1219,692,-1,-1,-1
426,170,878,130,59,50,-1,-1,-1
427,170,878,132,59,53,-1,-1,-1
428,170,878,132,59,53,-1,-1,-1
429,170,878,132,59,53,-1,-1,-1
430,170,877,133,60,53,-1,-1,-1
431,170,877,133,60,53,-1,-1,-1
432,170,877,133,60,53,-1,-1,-1
433,170,877,133,60,53,-1,-1,-1
434,170,877,133,60,53,-1,-1,-1
435,170,877,134,60,53,-1,-1,-1
436,170,877,134,61,53,-1,-1,-1
437,170,876,134,61,52,-1,-1,-1
438,170,876,134,61,52,-1,-1,-1
439,170,876,134,61,52,-1,-1,-1
440,170,877,134,61,53,-1,-1,-1
441,170,877,134,61,53,-1,-1,-1
451,32,2138,761,410,467,-1,-1,-1
452,32,2097,758,450,485,-1,-1,-1
453,32,2065,757,484,484,-1,-1,-1
454,32,2017,756,534,487,-1,-1,-1
455,32,1974,759,578,483,-1,-1,-1
456,32,1929,760,623,484,-1,-1,-1
457,32,1885,762,668,488,-1,-1,-1
458,32,1841,761,712,493,-1,-1,-1
459,32,1803,763,747,493,-1,-1,-1
460,32,1773,763,775,493,-1,-1,-1
461,32,1749,764,798,494,-1,-1,-1
462,32,1731,765,816,494,-1,-1,-1
463,32,1716,768,829,491,-1,-1,-1
464,32,1702,772,843,489,-1,-1,-1
465,32,1688,773,857,489,-1,-1,-1
466,32,1668,769,878,493,-1,-1,-1
467,32,1651,764,896,497,-1,-1,-1
468,32,1630,761,917,500,-1,-1,-1
469,32,1612,761,935,501,-1,-1,-1
470,32,1590,764,958,501,-1,-1,-1
471,32,1568,766,982,500,-1,-1,-1
472,32,1549,769,1002,501,-1,-1,-1
473,32,1532,769,1019,504,-1,-1,-1
474,32,1516,770,1034,500,-1,-1,-1
475,32,1492,772,1060,494,-1,-1,-1
476,32,1453,772,1088,490,-1,-1,-1
477,32,1396,771,1119,492,-1,-1,-1
478,32,1338,767,1136,502,-1,-1,-1
479,32,1279,769,1151,503,-1,-1,-1
480,32,1228,771,1151,505,-1,-1,-1
481,32,1169,772,1159,503,-1,-1,-1
482,32,1106,774,1166,505,-1,-1,-1
483,32,1029,776,1188,507,-1,-1,-1
484,32,945,780,1197,509,-1,-1,-1
485,32,853,783,1201,508,-1,-1,-1
486,32,760,785,1202,513,-1,-1,-1
487,32,661,787,1210,517,-1,-1,-1
488,32,558,786,1222,523,-1,-1,-1
489,32,454,791,1256,522,-1,-1,-1
490,32,342,794,1267,527,-1,-1,-1
491,32,237,803,1272,523,-1,-1,-1
492,32,144,809,1215,523,-1,-1,-1
493,32,85,814,1142,513,-1,-1,-1
494,32,55,809,1037,514,-1,-1,-1
495,32,39,813,924,505,-1,-1,-1
495,33,2313,791,239,357,-1,-1,-1
496,32,27,820,810,498,-1,-1,-1
496,33,2262,774,289,407,-1,-1,-1
497,32,17,838,689,464,-1,-1,-1
497,33,2215,757,335,444,-1,-1,-1
498,32,13,845,631,451,-1,-1,-1
498,33,2151,740,400,481,-1,-1,-1
499,32,10,852,591,427,-1,-1,-1
499,33,2079,732,473,495,-1,-1,-1
500,33,1999,726,553,508,-1,-1,-1
501,33,1914,721,636,518,-1,-1,-1
502,33,1826,713,725,513,-1,-1,-1
503,33,1732,709,817,507,-1,-1,-1
504,33,1632,706,909,503,-1,-1,-1
505,33,1529,706,997,517,-1,-1,-1
506,33,1421,706,1090,535,-1,-1,-1
507,33,1314,711,1157,546,-1,-1,-1
508,33,1191,713,1229,554,-1,-1,-1
509,33,1065,716,1265,559,-1,-1,-1
510,33,929,715,1310,566,-1,-1,-1
511,33,797,713,1321,578,-1,-1,-1
512,33,659,719,1360,575,-1,-1,-1
513,33,511,725,1378,577,-1,-1,-1
514,33,364,736,1391,573,-1,-1,-1
515,33,232,737,1412,581,-1,-1,-1
516,33,137,733,1364,586,-1,-1,-1
517,33,77,731,1279,583,-1,-1,-1
518,33,46,728,1113,582,-1,-1,-1
519,33,29,736,979,573,-1,-1,-1
520,33,18,740,836,572,-1,-1,-1
521,33,11,749,690,541,-1,-1,-1
522,33,6,756,535,505,-1,-1,-1
523,33,4,761,460,475,-1,-1,-1
524,33,3,763,406,464,-1,-1,-1
524,171,1931,837,621,424,-1,-1,-1
525,171,1815,845,735,421,-1,-1,-1
526,171,1723,849,826,422,-1,-1,-1
527,171,1586,850,930,429,-1,-1,-1
528,171,1445,849,1001,443,-1,-1,-1
529,171,1283,846,1044,459,-1,-1,-1
530,171,1114,846,1077,467,-1,-1,-1
531,171,937,846,1100,475,-1,-1,-1
532,171,757,851,1114,473,-1,-1,-1
533,171,568,857,1133,470,-1,-1,-1
534,171,378,865,1151,466,-1,-1,-1
535,171,227,876,1124,461,-1,-1,-1
536,171,126,886,1033,455,-1,-1,-1
537,171,79,897,880,448,-1,-1,-1
538,171,58,900,801,446,-1,-1,-1
539,171,51,903,738,447,-1,-1,-1
540,7,15,1408,1182,491,-1,-1,-1
541,7,48,1407,1421,493,-1,-1,-1
542,7,136,1413,1557,482,-1,-1,-1
543,7,309,1417,1672,483,-1,-1,-1
544,7,419,1415,1701,483,-1,-1,-1
545,7,503,1414,1712,488,-1,-1,-1
546,35,2028,849,519,412,-1,-1,-1
547,35,1911,850,636,421,-1,-1,-1
548,35,1812,853,735,424,-1,-1,-1
549,35,1677,849,861,435,-1,-1,-1
550,35,1535,844,965,448,-1,-1,-1
551,35,1375,839,1038,464,-1,-1,-1
552,35,1201,839,1083,473,-1,-1,-1
553,35,1017,841,1110,478,-1,-1,-1
554,35,834,845,1130,480,-1,-1,-1
555,35,642,846,1148,482,-1,-1,-1
556,35,444,852,1158,485,-1,-1,-1
557,35,272,861,1124,482,-1,-1,-1
558,35,153,874,1056,475,-1,-1,-1
559,35,89,889,920,463,-1,-1,-1
560,35,53,901,766,452,-1,-1,-1
561,35,29,921,575,422,-1,-1,-1
562,35,20,928,485,410,-1,-1,-1
563,35,16,939,416,386,-1,-1,-1
569,36,1788,743,766,454,-1,-1,-1
570,36,1669,743,876,459,-1,-1,-1
571,36,1571,743,938,465,-1,-1,-1
572,36,1428,735,998,478,-1,-1,-1
573,36,1270,737,1026,481,-1,-1,-1
574,36,1099,741,1044,481,-1,-1,-1
575,36,918,751,1058,473,-1,-1,-1
576,36,731,759,1078,469,-1,-1,-1
577,36,535,768,1102,464,-1,-1,-1
578,36,347,772,1112,469,-1,-1,-1
579,36,204,776,1059,469,-1,-1,-1
580,36,115,782,947,472,-1,-1,-1
581,36,70,791,779,467,-1,-1,-1
582,36,50,796,694,468,-1,-1,-1
583,36,41,799,629,465,-1,-1,-1
864,39,1293,733,1229,521,-1,-1,-1
865,39,1264,731,1232,524,-1,-1,-1
866,39,1242,730,1233,527,-1,-1,-1
867,39,1218,732,1239,527,-1,-1,-1
868,39,1196,732,1242,528,-1,-1,-1
869,39,1179,734,1239,524,-1,-1,-1
870,39,1156,735,1237,524,-1,-1,-1
871,39,1131,736,1240,524,-1,-1,-1
872,39,1109,738,1237,523,-1,-1,-1
873,39,1092,739,1238,521,-1,-1,-1
874,39,1077,741,1239,519,-1,-1,-1
875,39,1062,741,1244,519,-1,-1,-1
876,39,1050,741,1249,519,-1,-1,-1
877,39,1044,740,1251,520,-1,-1,-1
878,39,1037,739,1255,522,-1,-1,-1
879,39,1034,737,1256,526,-1,-1,-1
880,39,1032,738,1258,524,-1,-1,-1
881,39,1031,740,1259,521,-1,-1,-1
882,39,1032,742,1257,518,-1,-1,-1
883,39,1033,742,1255,518,-1,-1,-1
884,39,1034,741,1253,519,-1,-1,-1
885,39,1034,742,1252,517,-1,-1,-1
886,39,1035,745,1253,514,-1,-1,-1
887,39,1035,748,1254,511,-1,-1,-1
888,39,1035,748,1255,512,-1,-1,-1
889,39,1035,746,1254,513,-1,-1,-1
890,39,1034,744,1253,515,-1,-1,-1
891,39,1034,744,1253,515,-1,-1,-1
892,39,1034,745,1254,515,-1,-1,-1
893,39,1033,746,1255,514,-1,-1,-1
894,39,1034,747,1255,513,-1,-1,-1
895,39,1035,746,1253,513,-1,-1,-1
896,39,1036,745,1250,515,-1,-1,-1
897,39,1036,743,1249,517,-1,-1,-1
898,39,1035,744,1250,516,-1,-1,-1
899,39,1034,746,1253,514,-1,-1,-1
900,39,1032,747,1255,513,-1,-1,-1
901,39,1031,747,1256,513,-1,-1,-1
902,39,1030,745,1257,516,-1,-1,-1
903,39,1030,743,1257,518,-1,-1,-1
904,39,1029,741,1258,520,-1,-1,-1
905,39,1028,742,1258,520,-1,-1,-1
906,39,1027,742,1259,520,-1,-1,-1
907,39,1026,742,1259,520,-1,-1,-1
908,39,1026,742,1259,520,-1,-1,-1
909,39,1027,741,1259,521,-1,-1,-1
910,39,1027,741,1259,521,-1,-1,-1
911,39,1027,742,1259,520,-1,-1,-1
912,39,1027,744,1260,518,-1,-1,-1
913,39,1028,745,1259,516,-1,-1,-1
914,39,1028,746,1258,516,-1,-1,-1
915,39,1029,745,1257,517,-1,-1,-1
916,39,1028,745,1258,517,-1,-1,-1
917,39,1028,745,1258,517,-1,-1,-1
918,39,1028,747,1260,515,-1,-1,-1
919,39,1029,747,1259,515,-1,-1,-1
920,39,1029,747,1258,515,-1,-1,-1
921,39,1030,747,1256,514,-1,-1,-1
922,39,1030,747,1257,515,-1,-1,-1
923,39,1029,747,1259,515,-1,-1,-1
924,39,1027,746,1261,516,-1,-1,-1
925,39,1027,746,1261,515,-1,-1,-1
926,39,1027,746,1259,515,-1,-1,-1
927,39,1029,746,1257,516,-1,-1,-1
928,39,1029,746,1257,516,-1,-1,-1
929,39,1029,745,1259,516,-1,-1,-1
930,39,1028,745,1261,516,-1,-1,-1
931,39,1028,746,1260,515,-1,-1,-1
932,39,1029,746,1258,515,-1,-1,-1
933,39,1030,746,1256,515,-1,-1,-1
934,39,1030,747,1256,514,-1,-1,-1
935,39,1030,748,1257,513,-1,-1,-1
936,39,1030,748,1258,512,-1,-1,-1
937,39,1030,748,1257,513,-1,-1,-1
938,39,1031,748,1257,513,-1,-1,-1
939,39,1031,747,1255,514,-1,-1,-1
940,39,1031,747,1254,514,-1,-1,-1
941,39,1030,748,1255,513,-1,-1,-1
942,39,1029,749,1258,512,-1,-1,-1
943,39,1030,749,1258,513,-1,-1,-1
944,39,1031,748,1256,514,-1,-1,-1
945,39,1032,747,1254,515,-1,-1,-1
946,39,1032,747,1254,515,-1,-1,-1
947,39,1032,748,1254,515,-1,-1,-1
948,39,1032,749,1255,513,-1,-1,-1
949,39,1032,749,1255,512,-1,-1,-1
950,39,1033,750,1255,512,-1,-1,-1
951,39,1032,749,1254,513,-1,-1,-1
952,39,1031,749,1254,513,-1,-1,-1
953,39,1030,749,1256,514,-1,-1,-1
954,39,1030,749,1256,513,-1,-1,-1
955,39,1031,750,1255,513,-1,-1,-1
956,39,1032,749,1253,513,-1,-1,-1
957,39,1034,748,1251,515,-1,-1,-1
958,39,1034,747,1250,516,-1,-1,-1
959,39,1033,747,1251,516,-1,-1,-1
960,39,1032,747,1252,515,-1,-1,-1
961,39,1031,748,1254,514,-1,-1,-1
962,39,1031,747,1254,513,-1,-1,-1
963,39,1031,746,1254,514,-1,-1,-1
964,39,1033,744,1252,516,-1,-1,-1
965,39,1032,742,1252,519,-1,-1,-1
966,39,1029,740,1255,521,-1,-1,-1
967,39,1024,739,1259,521,-1,-1,-1
968,39,1021,738,1260,523,-1,-1,-1
969,39,1017,738,1262,523,-1,-1,-1
970,39,1015,737,1263,525,-1,-1,-1
971,39,1008,737,1267,525,-1,-1,-1
972,39,999,738,1270,525,-1,-1,-1
973,39,988,737,1269,526,-1,-1,-1
974,39,975,738,1262,526,-1,-1,-1
975,39,957,738,1254,527,-1,-1,-1
976,39,932,740,1253,526,-1,-1,-1
977,39,903,740,1258,525,-1,-1,-1
978,39,871,741,1265,523,-1,-1,-1
979,39,835,743,1263,523,-1,-1,-1
980,39,794,743,1263,527,-1,-1,-1
981,39,747,744,1267,531,-1,-1,-1
982,39,694,742,1275,535,-1,-1,-1
983,39,638,742,1281,538,-1,-1,-1
984,39,575,742,1284,542,-1,-1,-1
985,39,510,740,1292,548,-1,-1,-1
986,39,437,741,1303,549,-1,-1,-1
987,39,365,741,1307,553,-1,-1,-1
988,39,288,745,1313,551,-1,-1,-1
989,39,212,749,1313,550,-1,-1,-1
990,39,138,756,1317,544,-1,-1,-1
991,39,81,764,1296,540,-1,-1,-1
992,39,43,769,1250,538,-1,-1,-1
993,39,25,771,1177,536,-1,-1,-1
994,39,16,773,1089,532,-1,-1,-1
995,39,14,775,999,526,-1,-1,-1
996,39,13,776,901,529,-1,-1,-1
997,39,11,775,801,534,-1,-1,-1
997,78,2405,797,151,333,-1,-1,-1
998,39,7,771,700,541,-1,-1,-1
998,78,2374,793,180,355,-1,-1,-1
999,39,6,773,596,541,-1,-1,-1
999,78,2343,787,211,374,-1,-1,-1
1000,39,4,771,495,532,-1,-1,-1
1000,78,2301,783,251,396,-1,-1,-1
1001,39,4,772,442,528,-1,-1,-1
1001,78,2252,771,298,426,-1,-1,-1
1002,39,3,766,410,521,-1,-1,-1
1002,78,2201,757,344,450,-1,-1,-1
1003,78,2148,741,395,476,-1,-1,-1
1004,78,2088,730,458,490,-1,-1,-1
1005,78,2024,723,524,502,-1,-1,-1
1006,78,1954,720,594,509,-1,-1,-1
1007,78,1880,722,666,511,-1,-1,-1
1008,78,1804,722,743,516,-1,-1,-1
1009,78,1726,718,823,522,-1,-1,-1
1010,78,1689,714,862,527,-1,-1,-1
1011,78,1663,712,887,530,-1,-1,-1
1033,40,2092,771,459,450,-1,-1,-1
1034,40,2009,763,541,463,-1,-1,-1
1035,40,1944,759,607,468,-1,-1,-1
1036,40,1842,759,702,472,-1,-1,-1
1037,40,1736,760,795,472,-1,-1,-1
1038,40,1615,760,894,473,-1,-1,-1
1039,9,5,1449,1007,456,-1,-1,-1
1039,40,1493,762,970,473,-1,-1,-1
1040,9,7,1440,1072,468,-1,-1,-1
1040,40,1371,764,1021,472,-1,-1,-1
1041,9,4,1441,1113,466,-1,-1,-1
1041,40,1250,770,1044,466,-1,-1,-1
1042,40,1122,777,1054,460,-1,-1,-1
1043,40,991,783,1057,457,-1,-1,-1
1044,40,852,787,1054,459,-1,-1,-1
1045,40,711,787,1059,469,-1,-1,-1
1046,40,556,789,1086,479,-1,-1,-1
1047,40,400,793,1098,486,-1,-1,-1
1048,40,258,796,1090,491,-1,-1,-1
1049,40,158,799,1028,491,-1,-1,-1
1050,40,92,800,939,495,-1,-1,-1
1051,40,55,801,821,495,-1,-1,-1
1052,40,30,804,687,498,-1,-1,-1
1053,40,21,803,619,500,-1,-1,-1
1054,40,17,809,572,498,-1,-1,-1
1070,41,2041,819,509,401,-1,-1,-1
1071,41,1895,819,652,407,-1,-1,-1
1072,41,1773,826,767,406,-1,-1,-1
1073,41,1597,833,892,406,-1,-1,-1
1074,41,1419,839,973,410,-1,-1,-1
1075,41,1242,847,1002,414,-1,-1,-1
1076,41,1063,851,1015,424,-1,-1,-1
1077,41,876,856,1021,432,-1,-1,-1
1078,41,673,858,1046,441,-1,-1,-1
1079,41,468,862,1064,445,-1,-1,-1
1080,41,292,868,1048,446,-1,-1,-1
1081,41,165,878,976,439,-1,-1,-1
1082,41,94,884,846,437,-1,-1,-1
1083,41,53,891,691,431,-1,-1,-1
1084,41,37,892,604,431,-1,-1,-1
1085,41,30,898,548,426,-1,-1,-1
1114,80,2028,764,521,453,-1,-1,-1
1115,80,1871,759,678,468,-1,-1,-1
1116,80,1738,764,788,469,-1,-1,-1
1117,80,1548,771,911,467,-1,-1,-1
1118,80,1348,778,984,464,-1,-1,-1
1119,80,1132,786,1032,462,-1,-1,-1
1120,80,902,795,1072,463,-1,-1,-1
1121,80,670,801,1096,470,-1,-1,-1
1122,80,442,808,1103,475,-1,-1,-1
1123,80,266,812,1044,477,-1,-1,-1
1124,80,143,820,932,473,-1,-1,-1
1125,80,83,825,757,470,-1,-1,-1
1126,80,45,835,571,448,-1,-1,-1
1127,80,32,838,474,439,-1,-1,-1
1128,80,25,844,408,416,-1,-1,-1
1170,11,345,1350,1710,548,-1,-1,-1
1171,11,460,1343,1707,556,-1,-1,-1
1172,11,516,1337,1697,562,-1,-1,-1
1234,42,1453,809,1004,444,-1,-1,-1
1235,42,1253,814,1064,447,-1,-1,-1
1236,42,1087,816,1070,454,-1,-1,-1
1237,42,842,820,1094,462,-1,-1,-1
1238,42,590,823,1108,474,-1,-1,-1
1239,42,367,828,1067,482,-1,-1,-1
1240,42,203,840,964,479,-1,-1,-1
1241,42,144,847,886,478,-1,-1,-1
1242,42,116,857,827,469,-1,-1,-1
1280,81,1148,842,1111,503,-1,-1,-1
1281,81,934,846,1114,505,-1,-1,-1
1282,81,760,847,1119,508,-1,-1,-1
1283,81,517,851,1121,508,-1,-1,-1
1284,81,321,855,1070,510,-1,-1,-1
1285,81,221,858,1037,510,-1,-1,-1
1286,81,184,859,983,513,-1,-1,-1
1329,75,1908,844,645,459,-1,-1,-1
1330,75,1737,852,795,460,-1,-1,-1
1331,75,1600,854,901,462,-1,-1,-1
1332,75,1396,855,1015,471,-1,-1,-1
1333,75,1180,860,1098,475,-1,-1,-1
1334,75,942,867,1147,476,-1,-1,-1
1335,75,692,881,1199,467,-1,-1,-1
1336,75,451,889,1211,463,-1,-1,-1
1337,75,263,898,1163,460,-1,-1,-1
1338,75,146,908,1025,459,-1,-1,-1
1339,75,86,916,836,464,-1,-1,-1
1340,75,60,921,733,466,-1,-1,-1
1341,75,48,920,661,473,-1,-1,-1
1362,82,1014,809,1156,547,-1,-1,-1
1363,82,829,816,1162,541,-1,-1,-1
1364,82,671,818,1168,543,-1,-1,-1
1365,82,448,815,1177,553,-1,-1,-1
1366,82,270,816,1134,553,-1,-1,-1
1367,82,148,822,1020,552,-1,-1,-1
1368,82,89,833,829,541,-1,-1,-1
1369,82,63,838,731,540,-1,-1,-1
1370,82,52,840,657,535,-1,-1,-1
1558,12,269,1230,1496,678,-1,-1,-1
1559,12,333,1222,1540,689,-1,-1,-1
1560,12,414,1222,1511,690,-1,-1,-1
1593,43,1346,865,1089,439,-1,-1,-1
1594,43,1160,866,1133,449,-1,-1,-1
1595,43,996,864,1135,458,-1,-1,-1
1596,43,755,871,1146,458,-1,-1,-1
1597,43,507,883,1149,457,-1,-1,-1
1598,43,304,903,1091,441,-1,-1,-1
1599,43,169,919,954,435,-1,-1,-1
1600,43,126,929,859,426,-1,-1,-1
1601,43,104,931,788,430,-1,-1,-1
1624,44,864,792,1177,560,-1,-1,-1
1625,44,633,798,1189,564,-1,-1,-1
1626,44,456,795,1203,573,-1,-1,-1
1627,44,262,798,1147,570,-1,-1,-1
1628,44,183,796,1099,572,-1,-1,-1
1629,44,152,799,1027,565,-1,-1,-1
1691,45,1620,843,926,459,-1,-1,-1
1692,45,1389,850,1069,464,-1,-1,-1
1693,45,1204,850,1118,473,-1,-1,-1
1694,45,932,853,1155,480,-1,-1,-1
1695,45,645,862,1179,480,-1,-1,-1
1696,45,395,868,1139,481,-1,-1,-1
1697,45,268,874,1115,479,-1,-1,-1
1698,45,222,873,1056,482,-1,-1,-1
1771,13,901,183,83,71,-1,-1,-1
1772,13,894,182,91,76,-1,-1,-1
1773,13,891,183,94,80,-1,-1,-1
1774,13,887,183,101,85,-1,-1,-1
1775,13,883,183,107,88,-1,-1,-1
1776,13,878,185,111,91,-1,-1,-1
1777,13,871,186,110,94,-1,-1,-1
1778,13,861,188,108,97,-1,-1,-1
1779,13,850,191,110,97,-1,-1,-1
1780,13,841,194,113,98,-1,-1,-1
1780,46,1190,816,1094,557,-1,-1,-1
1781,13,831,200,117,96,-1,-1,-1
1781,46,954,821,1107,561,-1,-1,-1
1782,13,823,204,121,97,-1,-1,-1
1782,46,751,828,1114,556,-1,-1,-1
1783,13,813,210,124,96,-1,-1,-1
1783,46,495,837,1087,555,-1,-1,-1
1784,13,802,214,125,98,-1,-1,-1
1784,46,289,844,997,549,-1,-1,-1
1785,13,792,218,128,99,-1,-1,-1
1785,46,198,847,933,549,-1,-1,-1
1786,13,781,223,131,101,-1,-1,-1
1786,46,162,849,865,546,-1,-1,-1
1787,13,769,228,136,101,-1,-1,-1
1788,13,757,232,139,101,-1,-1,-1
1789,13,746,238,142,101,-1,-1,-1
1790,13,734,242,147,103,-1,-1,-1
1791,13,722,246,149,105,-1,-1,-1
1792,13,708,247,155,110,-1,-1,-1
1793,13,695,252,159,114,-1,-1,-1
1794,13,680,254,167,119,-1,-1,-1
1795,13,667,257,171,123,-1,-1,-1
1796,13,653,259,175,128,-1,-1,-1
1797,13,638,261,183,133,-1,-1,-1
1798,13,622,265,192,138,-1,-1,-1
1799,13,605,268,199,144,-1,-1,-1
1800,13,589,272,204,147,-1,-1,-1
1801,13,573,276,206,149,-1,-1,-1
1802,13,556,280,211,151,-1,-1,-1
1803,13,540,285,216,155,-1,-1,-1
1804,13,521,287,224,160,-1,-1,-1
1805,13,503,290,232,164,-1,-1,-1
1806,13,484,292,239,169,-1,-1,-1
1807,13,467,295,244,175,-1,-1,-1
1808,13,452,299,249,181,-1,-1,-1
1809,13,438,304,253,186,-1,-1,-1
1810,13,421,308,260,191,-1,-1,-1
1810,47,1851,800,697,489,-1,-1,-1
1811,13,402,313,267,196,-1,-1,-1
1811,47,1654,806,882,492,-1,-1,-1
1812,13,384,315,274,202,-1,-1,-1
1812,47,1494,816,985,488,-1,-1,-1
1813,13,368,318,278,208,-1,-1,-1
1813,47,1266,825,1077,495,-1,-1,-1
1814,13,354,320,286,213,-1,-1,-1
1814,47,1024,832,1116,499,-1,-1,-1
1815,13,339,325,293,217,-1,-1,-1
1815,47,765,837,1137,505,-1,-1,-1
1816,13,323,329,304,222,-1,-1,-1
1816,47,503,836,1152,515,-1,-1,-1
1817,13,305,334,311,228,-1,-1,-1
1817,47,372,837,1157,520,-1,-1,-1
1818,13,288,340,321,232,-1,-1,-1
1818,47,292,835,1157,525,-1,-1,-1
1819,13,271,345,332,237,-1,-1,-1
1820,13,254,349,347,241,-1,-1,-1
1821,13,237,351,361,249,-1,-1,-1
1822,13,222,352,373,259,-1,-1,-1
1823,13,207,352,383,270,-1,-1,-1
1824,13,194,354,391,277,-1,-1,-1
1825,13,180,358,398,279,-1,-1,-1
1826,13,170,361,403,281,-1,-1,-1
1827,13,158,365,408,281,-1,-1,-1
1828,13,148,368,411,282,-1,-1,-1
1829,13,138,371,414,286,-1,-1,-1
1830,13,130,372,414,294,-1,-1,-1
1831,13,123,373,414,304,-1,-1,-1
1832,13,115,373,414,312,-1,-1,-1
1833,13,107,374,416,318,-1,-1,-1
1834,13,99,376,422,321,-1,-1,-1
1835,13,92,379,427,321,-1,-1,-1
1835,48,1860,790,693,511,-1,-1,-1
1836,13,87,381,428,324,-1,-1,-1
1836,48,1673,796,881,517,-1,-1,-1
1837,13,83,382,428,327,-1,-1,-1
1837,48,1517,809,983,507,-1,-1,-1
1838,13,80,383,426,331,-1,-1,-1
1838,48,1297,815,1081,514,-1,-1,-1
1839,13,75,387,431,330,-1,-1,-1
1839,48,1059,818,1114,524,-1,-1,-1
1840,13,73,389,431,330,-1,-1,-1
1840,48,800,818,1144,540,-1,-1,-1
1841,13,73,392,431,330,-1,-1,-1
1841,48,533,820,1163,549,-1,-1,-1
1842,13,73,393,429,330,-1,-1,-1
1842,48,316,821,1117,551,-1,-1,-1
1843,13,70,394,432,331,-1,-1,-1
1843,48,172,827,983,546,-1,-1,-1
1844,13,70,394,432,331,-1,-1,-1
1844,48,124,828,887,544,-1,-1,-1
1845,13,67,396,436,330,-1,-1,-1
1845,48,99,834,817,539,-1,-1,-1
1846,13,66,397,438,328,-1,-1,-1
1847,13,64,398,444,327,-1,-1,-1
1848,13,64,398,446,326,-1,-1,-1
1849,13,63,399,448,326,-1,-1,-1
1850,13,62,399,447,325,-1,-1,-1
1851,13,62,399,445,325,-1,-1,-1
1852,13,62,399,443,325,-1,-1,-1
1853,13,61,399,444,324,-1,-1,-1
1854,13,61,399,445,325,-1,-1,-1
1855,13,60,400,448,325,-1,-1,-1
1856,13,61,400,448,325,-1,-1,-1
1857,13,61,400,447,324,-1,-1,-1
1858,13,61,400,445,324,-1,-1,-1
1859,13,62,400,444,324,-1,-1,-1
1860,13,62,400,443,323,-1,-1,-1
1861,13,62,400,442,324,-1,-1,-1
1862,13,63,400,442,324,-1,-1,-1
1863,13,63,400,442,324,-1,-1,-1
1864,13,63,400,442,324,-1,-1,-1
1865,13,62,400,442,324,-1,-1,-1
1866,13,62,400,442,324,-1,-1,-1
1867,13,62,400,441,324,-1,-1,-1
1868,13,63,399,439,325,-1,-1,-1
1869,13,63,399,438,324,-1,-1,-1
1870,13,63,399,438,324,-1,-1,-1
1871,13,63,399,438,324,-1,-1,-1
1872,13,63,399,439,325,-1,-1,-1
1873,13,63,399,439,325,-1,-1,-1
1874,13,63,399,440,325,-1,-1,-1
1875,13,62,399,440,325,-1,-1,-1
1876,13,62,398,440,325,-1,-1,-1
1877,13,62,398,440,326,-1,-1,-1
1878,13,63,398,440,326,-1,-1,-1
1879,13,63,397,439,327,-1,-1,-1
1880,13,64,397,439,327,-1,-1,-1
1881,13,63,397,440,327,-1,-1,-1
1882,13,63,397,440,327,-1,-1,-1
1883,13,63,398,440,326,-1,-1,-1
1884,13,63,398,440,326,-1,-1,-1
1885,13,63,398,440,326,-1,-1,-1
1886,13,64,398,440,327,-1,-1,-1
1887,13,63,398,439,327,-1,-1,-1
1888,13,63,398,439,326,-1,-1,-1
1889,13,63,398,439,326,-1,-1,-1
1890,13,62,398,440,326,-1,-1,-1
1891,13,63,398,440,326,-1,-1,-1
1892,13,63,398,440,326,-1,-1,-1
1893,13,63,398,440,327,-1,-1,-1
1894,13,63,398,439,327,-1,-1,-1
1895,13,63,398,439,327,-1,-1,-1
1896,13,63,399,439,326,-1,-1,-1
1897,13,63,399,439,326,-1,-1,-1
1898,13,63,399,439,326,-1,-1,-1
1899,13,64,399,438,326,-1,-1,-1
1900,13,64,399,438,326,-1,-1,-1
1901,13,64,399,438,326,-1,-1,-1
1902,13,63,399,439,326,-1,-1,-1
1903,13,63,399,439,326,-1,-1,-1
1904,13,64,399,438,326,-1,-1,-1
1905,13,64,399,438,326,-1,-1,-1
1906,13,64,399,438,327,-1,-1,-1
1907,13,64,399,438,326,-1,-1,-1
1908,13,64,399,438,327,-1,-1,-1
1909,13,64,399,438,326,-1,-1,-1
1910,13,64,399,439,327,-1,-1,-1
1911,13,64,399,439,327,-1,-1,-1
1912,13,63,399,439,327,-1,-1,-1
1913,13,63,399,439,327,-1,-1,-1
1914,13,63,399,439,326,-1,-1,-1
1915,13,63,400,439,325,-1,-1,-1
1916,13,63,400,438,325,-1,-1,-1
1917,13,62,400,440,326,-1,-1,-1
1918,13,62,399,440,326,-1,-1,-1
1919,13,61,400,441,326,-1,-1,-1
1920,13,62,400,439,326,-1,-1,-1
1921,13,62,400,439,325,-1,-1,-1
1922,13,63,400,439,326,-1,-1,-1
1923,13,63,400,439,326,-1,-1,-1
1924,13,63,400,440,326,-1,-1,-1
1925,13,63,400,440,326,-1,-1,-1
1926,13,60,400,445,326,-1,-1,-1
1927,13,56,401,449,328,-1,-1,-1
1928,13,52,401,454,331,-1,-1,-1
1929,13,46,402,457,332,-1,-1,-1
1930,13,38,403,464,334,-1,-1,-1
1931,13,29,405,470,335,-1,-1,-1
1932,13,19,409,473,339,-1,-1,-1
1933,13,11,414,470,344,-1,-1,-1
1934,13,6,419,466,355,-1,-1,-1
1935,13,4,424,460,368,-1,-1,-1
1936,13,2,431,456,379,-1,-1,-1
1937,13,1,438,447,385,-1,-1,-1
1938,13,0,447,437,395,-1,-1,-1
1939,13,0,453,422,412,-1,-1,-1
1940,13,0,464,411,427,-1,-1,-1
1941,13,0,476,395,440,-1,-1,-1
1942,13,0,494,381,446,-1,-1,-1
1943,13,0,509,361,457,-1,-1,-1
1944,13,0,529,351,467,-1,-1,-1
1945,13,0,549,337,477,-1,-1,-1
1946,13,2,570,327,499,-1,-1,-1
1947,13,3,591,318,526,-1,-1,-1
1948,13,6,613,324,560,-1,-1,-1
1949,13,6,639,344,581,-1,-1,-1
1950,13,8,666,378,602,-1,-1,-1
1951,13,5,680,431,633,-1,-1,-1
1952,13,6,699,501,669,-1,-1,-1
1953,13,4,712,586,709,-1,-1,-1
1954,13,5,740,678,743,-1,-1,-1
1955,13,11,762,777,778,-1,-1,-1
1956,13,20,792,884,809,-1,-1,-1
1957,13,34,820,1007,834,-1,-1,-1
1958,13,49,852,1141,851,-1,-1,-1
1959,13,88,886,1275,866,-1,-1,-1
1960,13,135,913,1429,877,-1,-1,-1
1961,13,165,929,1502,882,-1,-1,-1
1962,13,180,933,1569,885,-1,-1,-1
2089,83,1279,754,1213,498,-1,-1,-1
2090,83,1243,752,1210,503,-1,-1,-1
2091,83,1208,755,1213,502,-1,-1,-1
2092,83,1150,753,1221,505,-1,-1,-1
2093,83,1088,754,1224,504,-1,-1,-1
2094,83,1021,755,1229,506,-1,-1,-1
2095,83,951,757,1226,505,-1,-1,-1
2096,83,871,758,1240,508,-1,-1,-1
2097,83,784,757,1240,512,-1,-1,-1
2098,83,689,760,1252,514,-1,-1,-1
2099,83,587,762,1261,518,-1,-1,-1
2100,83,481,766,1271,518,-1,-1,-1
2101,83,372,768,1275,521,-1,-1,-1
2102,83,268,773,1279,519,-1,-1,-1
2103,83,171,777,1272,522,-1,-1,-1
2104,83,100,781,1239,523,-1,-1,-1
2105,83,57,784,1156,522,-1,-1,-1
2106,83,38,787,1053,519,-1,-1,-1
2107,83,30,789,924,517,-1,-1,-1
2108,83,22,791,794,515,-1,-1,-1
2109,83,15,798,658,508,-1,-1,-1
2110,83,11,802,592,502,-1,-1,-1
2111,83,10,806,549,499,-1,-1,-1
2118,49,2237,832,315,408,-1,-1,-1
2119,49,2177,813,375,439,-1,-1,-1
2120,49,2125,804,427,451,-1,-1,-1
2121,49,2045,795,506,469,-1,-1,-1
2122,49,1957,796,591,473,-1,-1,-1
2123,49,1861,800,685,469,-1,-1,-1
2124,49,1759,805,786,463,-1,-1,-1
2125,49,1650,809,892,458,-1,-1,-1
2126,49,1542,813,970,459,-1,-1,-1
2127,49,1429,817,1023,462,-1,-1,-1
2128,49,1309,822,1048,468,-1,-1,-1
2129,49,1181,828,1065,470,-1,-1,-1
2130,49,1053,833,1068,470,-1,-1,-1
2131,49,914,837,1069,471,-1,-1,-1
2132,49,764,838,1075,476,-1,-1,-1
2133,49,602,839,1094,482,-1,-1,-1
2134,49,446,842,1133,485,-1,-1,-1
2135,49,294,844,1142,489,-1,-1,-1
2136,49,181,846,1097,494,-1,-1,-1
2137,49,99,842,983,501,-1,-1,-1
2138,49,63,843,839,504,-1,-1,-1
2139,49,44,841,771,506,-1,-1,-1
2140,49,39,844,715,505,-1,-1,-1
2152,84,1195,733,1292,517,-1,-1,-1
2153,84,1089,734,1336,523,-1,-1,-1
2154,84,1000,731,1345,532,-1,-1,-1
2155,84,867,729,1370,543,-1,-1,-1
2156,84,715,724,1386,558,-1,-1,-1
2157,84,552,723,1406,567,-1,-1,-1
2158,84,383,725,1415,575,-1,-1,-1
2159,84,240,731,1407,579,-1,-1,-1
2160,84,136,739,1355,576,-1,-1,-1
2161,84,77,744,1259,568,-1,-1,-1
2162,84,50,752,1129,560,-1,-1,-1
2163,84,42,755,1054,556,-1,-1,-1
2164,84,40,759,1010,554,-1,-1,-1
2270,50,1663,839,867,506,-1,-1,-1
2271,50,1444,837,1000,520,-1,-1,-1
2272,50,1265,839,1046,528,-1,-1,-1
2273,50,995,838,1092,538,-1,-1,-1
2274,50,710,841,1108,542,-1,-1,-1
2275,50,444,842,1083,548,-1,-1,-1
2276,50,253,848,968,548,-1,-1,-1
2277,50,178,851,894,549,-1,-1,-1
2278,50,146,855,822,546,-1,-1,-1
2290,51,1049,832,1139,473,-1,-1,-1
2291,51,822,837,1155,479,-1,-1,-1
2292,51,646,838,1167,487,-1,-1,-1
2293,51,415,837,1138,499,-1,-1,-1
2294,51,305,836,1128,505,-1,-1,-1
2295,51,240,835,1085,508,-1,-1,-1
2322,76,1744,725,796,549,-1,-1,-1
2323,76,1525,712,956,571,-1,-1,-1
2324,76,1347,712,1024,584,-1,-1,-1
2325,76,1075,712,1098,600,-1,-1,-1
2326,76,787,717,1138,613,-1,-1,-1
2327,76,503,727,1146,617,-1,-1,-1
2328,76,362,733,1141,619,-1,-1,-1
2329,76,288,738,1119,615,-1,-1,-1
2388,16,339,1392,1661,503,-1,-1,-1
2389,16,452,1387,1680,508,-1,-1,-1
2390,15,1766,718,762,430,-1,-1,-1
2390,16,524,1381,1652,510,-1,-1,-1
2391,15,1561,722,884,432,-1,-1,-1
2392,15,1391,725,921,440,-1,-1,-1
2393,15,1137,733,954,446,-1,-1,-1
2394,15,861,736,987,457,-1,-1,-1
2395,15,576,744,999,460,-1,-1,-1
2396,15,348,746,945,472,-1,-1,-1
2397,15,241,750,899,473,-1,-1,-1
2398,15,203,750,841,480,-1,-1,-1
2529,77,2035,794,518,456,-1,-1,-1
2530,77,1985,796,567,460,-1,-1,-1
2531,77,1946,794,605,463,-1,-1,-1
2532,77,1892,794,659,466,-1,-1,-1
2533,77,1842,797,708,464,-1,-1,-1
2534,77,1790,799,761,461,-1,-1,-1
2535,77,1739,801,812,460,-1,-1,-1
2536,77,1690,799,862,461,-1,-1,-1
2537,77,1647,801,906,461,-1,-1,-1
2538,77,1610,803,943,461,-1,-1,-1
2539,77,1575,806,977,459,-1,-1,-1
2540,77,1540,810,1008,458,-1,-1,-1
2541,77,1509,812,1033,460,-1,-1,-1
2542,77,1478,812,1047,462,-1,-1,-1
2543,77,1449,809,1054,466,-1,-1,-1
2544,77,1424,808,1053,468,-1,-1,-1
2545,77,1398,808,1062,470,-1,-1,-1
2546,77,1381,809,1066,471,-1,-1,-1
2547,77,1361,811,1078,470,-1,-1,-1
2548,77,1347,813,1080,469,-1,-1,-1
2549,77,1333,815,1084,467,-1,-1,-1
2550,77,1322,816,1086,468,-1,-1,-1
2551,77,1315,815,1087,467,-1,-1,-1
2552,77,1311,815,1087,467,-1,-1,-1
2553,77,1307,815,1088,466,-1,-1,-1
2554,77,1305,814,1087,467,-1,-1,-1
2555,77,1299,814,1089,467,-1,-1,-1
2556,77,1297,813,1088,467,-1,-1,-1
2557,77,1295,813,1087,466,-1,-1,-1
2558,77,1297,813,1085,466,-1,-1,-1
2559,77,1298,813,1083,465,-1,-1,-1
2560,77,1299,813,1082,465,-1,-1,-1
2561,77,1298,813,1083,465,-1,-1,-1
2562,77,1298,813,1084,466,-1,-1,-1
2563,77,1297,813,1085,466,-1,-1,-1
2564,77,1297,813,1085,466,-1,-1,-1
2565,77,1298,814,1083,465,-1,-1,-1
2566,77,1300,814,1082,464,-1,-1,-1
2567,77,1301,815,1080,463,-1,-1,-1
2568,77,1302,814,1079,464,-1,-1,-1
2569,77,1303,814,1079,464,-1,-1,-1
2570,77,1303,814,1079,464,-1,-1,-1
2571,77,1302,813,1078,465,-1,-1,-1
2572,77,1301,812,1078,465,-1,-1,-1
2573,77,1300,812,1077,466,-1,-1,-1
2574,77,1296,813,1079,465,-1,-1,-1
2575,77,1289,813,1083,466,-1,-1,-1
2576,77,1281,813,1086,468,-1,-1,-1
2577,77,1273,812,1089,470,-1,-1,-1
2578,77,1266,813,1095,472,-1,-1,-1
2579,77,1258,814,1093,473,-1,-1,-1
2580,77,1244,815,1095,473,-1,-1,-1
2581,77,1233,815,1086,474,-1,-1,-1
2582,77,1216,817,1089,474,-1,-1,-1
2583,77,1201,818,1088,473,-1,-1,-1
2584,77,1181,819,1091,473,-1,-1,-1
2585,77,1155,820,1095,474,-1,-1,-1
2586,77,1127,818,1094,475,-1,-1,-1
2587,77,1095,820,1091,474,-1,-1,-1
2588,77,1064,821,1083,473,-1,-1,-1
2589,77,1032,824,1074,471,-1,-1,-1
2590,77,988,823,1073,473,-1,-1,-1
2591,77,943,827,1067,473,-1,-1,-1
2592,77,888,828,1069,475,-1,-1,-1
2593,77,835,832,1066,476,-1,-1,-1
2594,77,773,831,1071,481,-1,-1,-1
2595,77,709,830,1069,484,-1,-1,-1
2596,77,642,829,1074,487,-1,-1,-1
2597,77,569,827,1074,489,-1,-1,-1
2598,77,492,829,1079,492,-1,-1,-1
2599,77,405,829,1088,495,-1,-1,-1
2600,77,316,829,1098,497,-1,-1,-1
2601,77,224,829,1103,499,-1,-1,-1
2602,77,143,828,1086,501,-1,-1,-1
2603,77,85,827,1043,506,-1,-1,-1
2604,77,51,827,975,508,-1,-1,-1
2605,77,36,826,887,508,-1,-1,-1
2606,77,23,829,796,502,-1,-1,-1
2607,77,16,831,694,500,-1,-1,-1
2608,77,7,837,595,493,-1,-1,-1
2609,77,5,841,484,477,-1,-1,-1
2610,77,3,851,373,451,-1,-1,-1
2611,77,3,856,314,435,-1,-1,-1
2612,77,3,861,276,422,-1,-1,-1
2623,17,857,1315,1484,583,-1,-1,-1
2624,17,1127,1301,1337,599,-1,-1,-1
2625,17,1195,1297,1278,602,-1,-1,-1
2626,17,1294,1287,1202,613,-1,-1,-1
2748,18,1058,773,1076,497,-1,-1,-1
2749,18,898,774,1067,497,-1,-1,-1
2750,18,755,786,1072,492,-1,-1,-1
2751,18,545,791,1082,498,-1,-1,-1
2752,18,356,801,1062,500,-1,-1,-1
2753,18,208,803,987,500,-1,-1,-1
2754,18,119,810,862,493,-1,-1,-1
2755,18,85,811,787,488,-1,-1,-1
2756,18,68,814,732,487,-1,-1,-1
2796,53,1622,794,910,469,-1,-1,-1
2797,53,1395,797,1053,475,-1,-1,-1
2798,53,1215,801,1099,483,-1,-1,-1
2799,53,940,804,1148,492,-1,-1,-1
2800,53,662,806,1177,503,-1,-1,-1
2801,53,412,809,1146,510,-1,-1,-1
2802,53,234,818,1020,508,-1,-1,-1
2803,53,166,824,926,504,-1,-1,-1
2804,53,137,830,846,501,-1,-1,-1
2841,54,848,840,1137,489,-1,-1,-1
2842,54,595,844,1149,491,-1,-1,-1
2843,54,423,839,1124,503,-1,-1,-1
2844,54,236,841,1024,508,-1,-1,-1
2845,54,165,837,951,517,-1,-1,-1
2846,54,133,840,879,515,-1,-1,-1
2880,19,83,1353,1674,545,-1,-1,-1
2881,19,255,1342,1672,553,-1,-1,-1
2882,19,472,1325,1632,567,-1,-1,-1
2883,19,625,1313,1610,579,-1,-1,-1
2884,19,727,1305,1564,584,-1,-1,-1
2908,55,1091,771,1181,526,-1,-1,-1
2909,55,820,782,1213,530,-1,-1,-1
2910,55,617,784,1239,535,-1,-1,-1
2911,55,375,791,1183,536,-1,-1,-1
2912,55,268,791,1161,538,-1,-1,-1
2913,55,220,798,1076,532,-1,-1,-1
2928,56,834,858,1189,467,-1,-1,-1
2929,56,578,864,1204,471,-1,-1,-1
2930,56,409,869,1171,473,-1,-1,-1
2931,56,226,883,1055,465,-1,-1,-1
2932,56,163,888,968,463,-1,-1,-1
2933,56,135,896,880,457,-1,-1,-1
2974,57,1862,841,691,436,-1,-1,-1
2975,57,1647,848,898,445,-1,-1,-1
2976,57,1474,852,1001,448,-1,-1,-1
2977,57,1218,855,1114,456,-1,-1,-1
2978,57,953,856,1158,462,-1,-1,-1
2979,57,662,863,1212,468,-1,-1,-1
2980,57,411,871,1187,471,-1,-1,-1
2981,57,283,876,1178,472,-1,-1,-1
2982,57,231,877,1122,472,-1,-1,-1
3005,58,1108,813,1031,460,-1,-1,-1
3006,58,897,817,1045,467,-1,-1,-1
3007,58,723,818,1097,476,-1,-1,-1
3008,58,479,817,1119,488,-1,-1,-1
3009,58,291,821,1082,492,-1,-1,-1
3010,58,200,823,1020,495,-1,-1,-1
3011,58,173,827,966,493,-1,-1,-1
3037,59,517,782,1518,588,-1,-1,-1
3038,59,288,796,1551,578,-1,-1,-1
3039,59,194,803,1442,569,-1,-1,-1
3040,59,110,816,1259,558,-1,-1,-1
3041,59,93,821,1117,550,-1,-1,-1
3042,59,77,828,1044,547,-1,-1,-1
3047,16,1904,828,646,455,-1,-1,-1
3048,16,1688,832,824,462,-1,-1,-1
3049,16,1510,838,914,462,-1,-1,-1
3050,16,1247,838,999,475,-1,-1,-1
3051,16,964,841,1043,483,-1,-1,-1
3052,16,660,842,1072,493,-1,-1,-1
3053,16,406,847,1026,495,-1,-1,-1
3054,16,224,850,894,499,-1,-1,-1
3055,16,160,853,799,499,-1,-1,-1
3056,16,128,853,725,503,-1,-1,-1
3082,60,841,843,1105,483,-1,-1,-1
3083,60,587,844,1120,494,-1,-1,-1
3084,60,417,843,1084,503,-1,-1,-1
3085,60,288,846,1072,508,-1,-1,-1
3086,60,237,845,1023,511,-1,-1,-1
3207,86,1066,849,1127,481,-1,-1,-1
3208,86,877,851,1125,483,-1,-1,-1
3209,86,719,853,1127,485,-1,-1,-1
3210,86,494,862,1129,482,-1,-1,-1
3211,86,308,870,1087,479,-1,-1,-1
3212,86,175,885,979,469,-1,-1,-1
3213,86,130,893,904,462,-1,-1,-1
3214,86,108,902,843,455,-1,-1,-1
3269,21,244,1266,1814,621,-1,-1,-1
3270,21,326,1258,1884,631,-1,-1,-1
3271,21,393,1249,1862,643,-1,-1,-1
3317,61,1630,806,883,430,-1,-1,-1
3318,61,1379,811,1016,435,-1,-1,-1
3319,61,1165,817,1068,440,-1,-1,-1
3320,61,862,824,1100,449,-1,-1,-1
3321,61,568,831,1095,459,-1,-1,-1
3322,61,339,841,995,458,-1,-1,-1
3323,61,231,847,940,457,-1,-1,-1
3324,61,196,851,863,451,-1,-1,-1
3374,62,921,848,1189,476,-1,-1,-1
3375,62,697,851,1197,479,-1,-1,-1
3376,62,518,856,1194,478,-1,-1,-1
3377,62,391,862,1194,474,-1,-1,-1
3378,62,309,865,1191,473,-1,-1,-1
3438,63,927,841,1157,529,-1,-1,-1
3439,63,684,844,1167,528,-1,-1,-1
3440,63,494,850,1163,527,-1,-1,-1
3441,63,294,858,1078,523,-1,-1,-1
3442,63,201,863,1030,521,-1,-1,-1
3443,63,171,864,958,518,-1,-1,-1
3540,65,1716,843,807,440,-1,-1,-1
3541,65,1479,854,954,440,-1,-1,-1
3542,65,1290,855,1005,448,-1,-1,-1
3543,65,1002,861,1053,452,-1,-1,-1
3544,65,705,865,1073,457,-1,-1,-1
3545,65,438,873,1042,457,-1,-1,-1
3546,65,304,877,1023,456,-1,-1,-1
3547,65,248,878,976,459,-1,-1,-1
3558,66,1365,793,1081,483,-1,-1,-1
3559,66,1109,801,1175,489,-1,-1,-1
3560,66,896,804,1191,494,-1,-1,-1
3561,66,596,812,1216,498,-1,-1,-1
3562,66,450,814,1224,501,-1,-1,-1
3563,66,349,816,1223,501,-1,-1,-1
3584,67,1630,700,916,587,-1,-1,-1
3585,67,1398,694,1128,608,-1,-1,-1
3586,67,1195,694,1257,622,-1,-1,-1
3587,67,893,698,1406,634,-1,-1,-1
3588,67,591,704,1465,642,-1,-1,-1
3589,67,353,712,1429,635,-1,-1,-1
3590,67,197,728,1283,621,-1,-1,-1
3591,67,148,735,1185,609,-1,-1,-1
3592,67,121,744,1103,604,-1,-1,-1
3840,23,0,1416,1088,496,-1,-1,-1
3841,23,21,1428,1283,477,-1,-1,-1
3842,23,120,1425,1347,474,-1,-1,-1
3843,23,320,1421,1469,471,-1,-1,-1
3844,23,454,1413,1467,477,-1,-1,-1
3845,23,552,1405,1468,482,-1,-1,-1
3896,68,1570,755,978,584,-1,-1,-1
3897,68,1320,755,1203,599,-1,-1,-1
3898,68,1104,761,1332,602,-1,-1,-1
3899,68,804,772,1445,598,-1,-1,-1
3900,68,519,790,1458,586,-1,-1,-1
3901,68,302,801,1352,573,-1,-1,-1
3902,68,171,815,1151,559,-1,-1,-1
3903,68,103,835,880,523,-1,-1,-1
3904,24,0,1370,1110,536,-1,-1,-1
3904,68,74,847,747,508,-1,-1,-1
3905,24,0,1372,1278,533,-1,-1,-1
3905,68,60,858,647,481,-1,-1,-1
3906,24,0,1375,1315,527,-1,-1,-1
3992,69,1863,767,688,502,-1,-1,-1
3993,69,1644,760,858,521,-1,-1,-1
3994,69,1469,763,943,524,-1,-1,-1
3995,69,1207,766,1024,532,-1,-1,-1
3996,69,931,773,1067,538,-1,-1,-1
3997,69,632,783,1093,543,-1,-1,-1
3998,69,479,788,1105,545,-1,-1,-1
3999,69,378,793,1105,544,-1,-1,-1
4028,27,1649,829,860,416,-1,-1,-1
4029,27,1431,835,968,420,-1,-1,-1
4030,27,1255,840,996,427,-1,-1,-1
4031,27,996,846,1023,435,-1,-1,-1
4032,27,719,851,1059,446,-1,-1,-1
4033,27,575,854,1076,448,-1,-1,-1
4034,27,471,856,1102,452,-1,-1,-1
4156,26,3,1276,1109,623,-1,-1,-1
4157,26,20,1270,1355,620,-1,-1,-1
4158,26,130,1261,1474,629,-1,-1,-1
4159,26,354,1245,1563,646,-1,-1,-1
4160,26,682,1231,1496,666,-1,-1,-1
4161,26,853,1228,1443,672,-1,-1,-1
4162,26,974,1222,1368,680,-1,-1,-1
4180,180,34,1249,1153,650,-1,-1,-1
4181,180,38,1247,1281,654,-1,-1,-1
4182,180,51,1246,1323,657,-1,-1,-1
4202,71,1870,684,673,512,-1,-1,-1
4203,71,1673,689,868,521,-1,-1,-1
4204,71,1511,698,997,521,-1,-1,-1
4205,71,1261,705,1161,523,-1,-1,-1
4206,71,996,711,1266,527,-1,-1,-1
4207,71,706,718,1341,534,-1,-1,-1
4208,71,451,725,1342,539,-1,-1,-1
4209,71,257,725,1267,546,-1,-1,-1
4210,71,180,726,1208,547,-1,-1,-1
4211,71,146,721,1152,552,-1,-1,-1
4228,72,949,742,1142,594,-1,-1,-1
4229,72,701,751,1147,601,-1,-1,-1
4230,72,509,755,1143,607,-1,-1,-1
4231,72,366,758,1145,613,-1,-1,-1
4232,72,292,757,1133,618,-1,-1,-1
4263,73,1424,805,1000,517,-1,-1,-1
4264,73,1295,822,1022,532,-1,-1,-1
4265,73,1194,826,1031,554,-1,-1,-1
4266,73,1043,838,1048,584,-1,-1,-1
4267,73,879,850,1078,629,-1,-1,-1
4268,73,687,861,1122,687,-1,-1,-1
4269,73,483,883,1172,746,-1,-1,-1
4270,73,379,891,1195,778,-1,-1,-1
4271,73,310,909,1210,790,-1,-1,-1
4289,74,798,760,1241,551,-1,-1,-1
4290,74,553,763,1258,564,-1,-1,-1
4291,74,389,767,1246,569,-1,-1,-1
4292,74,218,776,1157,566,-1,-1,-1
4293,74,155,783,1091,560,-1,-1,-1
4294,74,129,787,1023,555,-1,-1,-1
