103,170,537,1111,193,142,-1,-1,-1
104,170,545,1117,203,144,-1,-1,-1
105,170,551,1120,212,146,-1,-1,-1
106,170,563,1125,221,150,-1,-1,-1
107,170,574,1128,231,157,-1,-1,-1
108,170,589,1131,243,167,-1,-1,-1
109,170,609,1134,257,180,-1,-1,-1
110,170,629,1138,268,190,-1,-1,-1
111,170,654,1143,279,202,-1,-1,-1
112,170,678,1149,291,214,-1,-1,-1
113,170,706,1156,312,229,-1,-1,-1
114,170,739,1162,336,247,-1,-1,-1
115,170,772,1169,369,267,-1,-1,-1
116,170,807,1176,411,294,-1,-1,-1
117,170,850,1191,466,322,-1,-1,-1
118,170,904,1206,526,360,-1,-1,-1
119,170,973,1224,600,401,-1,-1,-1
120,170,1047,1242,695,457,-1,-1,-1
121,170,1128,1260,836,512,-1,-1,-1
122,170,1169,1271,910,544,-1,-1,-1
123,170,1198,1277,976,558,-1,-1,-1
283,91,1079,1202,340,443,-1,-1,-1
284,91,1092,1184,321,414,-1,-1,-1
285,91,1097,1172,309,392,-1,-1,-1
286,91,1098,1153,298,364,-1,-1,-1
287,91,1092,1136,293,340,-1,-1,-1
288,91,1081,1117,293,320,-1,-1,-1
289,91,1068,1100,290,301,-1,-1,-1
290,91,1055,1088,284,283,-1,-1,-1
291,91,1041,1076,276,265,-1,-1,-1
292,91,1027,1065,273,248,-1,-1,-1
293,91,1009,1054,269,233,-1,-1,-1
294,91,992,1046,263,219,-1,-1,-1
295,91,975,1040,256,207,-1,-1,-1
296,91,958,1034,250,196,-1,-1,-1
297,91,941,1030,245,187,-1,-1,-1
298,91,922,1026,243,179,-1,-1,-1
299,91,904,1023,242,172,-1,-1,-1
300,91,884,1021,244,166,-1,-1,-1
301,91,866,1021,240,161,-1,-1,-1
302,91,846,1021,235,155,-1,-1,-1
303,91,828,1021,228,150,-1,-1,-1
304,91,808,1020,222,146,-1,-1,-1
305,91,791,1020,216,144,-1,-1,-1
306,91,774,1019,207,142,-1,-1,-1
307,91,758,1019,202,139,-1,-1,-1
308,91,742,1019,194,134,-1,-1,-1
309,91,725,1019,187,128,-1,-1,-1
310,91,711,1019,180,124,-1,-1,-1
311,91,697,1018,173,120,-1,-1,-1
312,91,683,1018,170,117,-1,-1,-1
313,91,669,1018,167,115,-1,-1,-1
314,91,656,1018,166,113,-1,-1,-1
315,91,645,1018,162,111,-1,-1,-1
316,91,632,1019,163,108,-1,-1,-1
317,91,619,1021,163,105,-1,-1,-1
318,91,608,1021,161,103,-1,-1,-1
319,91,599,1020,156,102,-1,-1,-1
320,91,594,1019,153,102,-1,-1,-1
321,91,590,1019,152,102,-1,-1,-1
391,6,430,1062,220,160,-1,-1,-1
392,6,434,1063,211,160,-1,-1,-1
393,6,439,1064,209,162,-1,-1,-1
394,6,442,1065,208,164,-1,-1,-1
395,6,445,1065,209,167,-1,-1,-1
396,6,450,1067,210,169,-1,-1,-1
397,6,456,1068,212,173,-1,-1,-1
398,6,464,1069,215,177,-1,-1,-1
399,6,473,1069,218,182,-1,-1,-1
400,6,481,1070,222,187,-1,-1,-1
401,6,487,1069,228,193,-1,-1,-1
402,6,492,1069,234,199,-1,-1,-1
403,6,498,1070,241,203,-1,-1,-1
404,6,506,1072,251,208,-1,-1,-1
405,6,510,1071,269,215,-1,-1,-1
406,6,517,1072,281,223,-1,-1,-1
407,6,525,1072,287,231,-1,-1,-1
408,6,540,1074,283,235,-1,-1,-1
409,6,551,1075,292,241,-1,-1,-1
410,6,559,1076,308,247,-1,-1,-1
411,6,566,1077,326,256,-1,-1,-1
412,6,574,1077,342,266,-1,-1,-1
413,6,586,1079,353,275,-1,-1,-1
414,6,602,1082,362,284,-1,-1,-1
415,6,621,1083,373,297,-1,-1,-1
416,6,648,1086,383,309,-1,-1,-1
417,6,669,1085,405,327,-1,-1,-1
418,6,694,1088,423,339,-1,-1,-1
419,6,709,1088,458,360,-1,-1,-1
420,6,732,1092,495,376,-1,-1,-1
421,6,756,1094,535,399,-1,-1,-1
422,6,791,1098,568,422,-1,-1,-1
423,6,829,1101,606,450,-1,-1,-1
424,6,861,1105,666,482,-1,-1,-1
425,6,887,1106,750,527,-1,-1,-1
426,6,918,1106,848,578,-1,-1,-1
427,6,969,1100,942,645,-1,-1,-1
428,6,1036,1101,1052,700,-1,-1,-1
429,6,1073,1100,1106,732,-1,-1,-1
430,6,1099,1105,1157,741,-1,-1,-1
508,8,480,1101,201,134,-1,-1,-1
509,8,488,1104,190,134,-1,-1,-1
510,8,492,1107,190,135,-1,-1,-1
511,8,501,1110,188,138,-1,-1,-1
512,8,512,1112,194,145,-1,-1,-1
513,8,526,1115,201,151,-1,-1,-1
514,8,539,1122,211,155,-1,-1,-1
515,8,554,1130,221,157,-1,-1,-1
516,8,570,1136,230,163,-1,-1,-1
517,8,590,1140,239,173,-1,-1,-1
518,8,612,1142,248,184,-1,-1,-1
519,8,638,1144,258,197,-1,-1,-1
520,8,665,1149,275,210,-1,-1,-1
521,8,694,1158,297,223,-1,-1,-1
522,8,729,1168,320,241,-1,-1,-1
523,8,764,1177,353,262,-1,-1,-1
524,8,805,1183,393,291,-1,-1,-1
525,8,850,1195,444,319,-1,-1,-1
526,8,911,1210,501,355,-1,-1,-1
527,8,984,1228,571,396,-1,-1,-1
528,8,1070,1249,673,455,-1,-1,-1
529,8,1114,1258,726,483,-1,-1,-1
530,8,1145,1267,777,508,-1,-1,-1
601,172,46,1180,643,410,-1,-1,-1
602,172,62,1178,631,397,-1,-1,-1
603,172,74,1178,626,388,-1,-1,-1
604,172,83,1174,628,384,-1,-1,-1
605,172,95,1163,630,387,-1,-1,-1
606,172,108,1145,630,394,-1,-1,-1
607,172,125,1129,625,391,-1,-1,-1
608,172,143,1121,618,383,-1,-1,-1
609,172,160,1117,614,375,-1,-1,-1
610,172,186,1115,603,365,-1,-1,-1
611,172,201,1106,598,359,-1,-1,-1
612,172,218,1096,593,348,-1,-1,-1
613,172,239,1089,582,341,-1,-1,-1
614,172,275,1085,561,331,-1,-1,-1
615,172,312,1083,524,323,-1,-1,-1
616,172,345,1079,495,315,-1,-1,-1
617,172,367,1075,461,307,-1,-1,-1
618,172,387,1071,442,298,-1,-1,-1
619,172,402,1066,419,287,-1,-1,-1
620,172,422,1057,402,284,-1,-1,-1
621,172,442,1049,388,281,-1,-1,-1
622,172,461,1041,378,279,-1,-1,-1
623,172,478,1034,367,274,-1,-1,-1
624,172,499,1027,344,266,-1,-1,-1
625,172,518,1020,319,260,-1,-1,-1
626,172,535,1015,295,252,-1,-1,-1
627,172,549,1008,286,252,-1,-1,-1
628,172,562,1001,277,247,-1,-1,-1
629,172,574,994,266,243,-1,-1,-1
630,172,587,989,251,235,-1,-1,-1
631,172,601,986,240,228,-1,-1,-1
632,172,611,981,232,219,-1,-1,-1
633,172,618,975,224,210,-1,-1,-1
634,172,624,966,215,203,-1,-1,-1
635,172,630,962,209,196,-1,-1,-1
636,172,635,960,205,191,-1,-1,-1
637,172,639,958,204,187,-1,-1,-1
638,172,640,958,206,183,-1,-1,-1
639,172,636,957,212,178,-1,-1,-1
640,172,627,958,218,173,-1,-1,-1
641,172,617,959,225,168,-1,-1,-1
642,172,605,960,232,163,-1,-1,-1
643,172,593,961,240,159,-1,-1,-1
644,172,580,962,248,154,-1,-1,-1
645,172,567,963,256,149,-1,-1,-1
646,172,562,963,256,144,-1,-1,-1
647,172,559,964,255,141,-1,-1,-1
648,172,558,964,247,138,-1,-1,-1
649,172,553,966,250,136,-1,-1,-1
650,172,551,967,249,133,-1,-1,-1
651,172,550,968,252,130,-1,-1,-1
652,172,551,968,248,127,-1,-1,-1
653,172,552,968,244,125,-1,-1,-1
654,172,554,968,238,122,-1,-1,-1
655,172,556,967,231,120,-1,-1,-1
656,172,558,967,224,117,-1,-1,-1
657,172,561,967,217,115,-1,-1,-1
658,172,563,966,210,112,-1,-1,-1
659,172,566,966,203,110,-1,-1,-1
660,172,568,966,196,107,-1,-1,-1
661,172,570,965,189,105,-1,-1,-1
662,172,573,965,182,102,-1,-1,-1
663,172,575,964,175,100,-1,-1,-1
664,172,578,964,167,97,-1,-1,-1
665,172,580,964,160,95,-1,-1,-1
666,172,583,963,153,93,-1,-1,-1
667,172,585,963,146,90,-1,-1,-1
668,172,588,963,139,88,-1,-1,-1
669,172,590,962,132,85,-1,-1,-1
670,172,593,962,124,83,-1,-1,-1
671,172,595,961,117,80,-1,-1,-1
672,172,597,961,112,78,-1,-1,-1
673,172,598,962,108,76,-1,-1,-1
674,172,598,962,107,75,-1,-1,-1
675,172,599,962,105,75,-1,-1,-1
676,172,599,961,104,75,-1,-1,-1
677,172,599,961,102,75,-1,-1,-1
678,172,599,960,103,75,-1,-1,-1
679,172,598,961,104,75,-1,-1,-1
680,172,598,962,104,74,-1,-1,-1
681,172,598,963,103,73,-1,-1,-1
682,172,598,963,102,73,-1,-1,-1
683,172,598,962,101,73,-1,-1,-1
684,172,598,962,101,74,-1,-1,-1
685,172,597,962,101,74,-1,-1,-1
686,172,597,963,102,73,-1,-1,-1
687,172,597,964,103,72,-1,-1,-1
688,172,598,965,103,71,-1,-1,-1
689,172,597,966,103,71,-1,-1,-1
690,172,597,965,102,71,-1,-1,-1
691,172,597,963,102,72,-1,-1,-1
692,172,597,963,102,73,-1,-1,-1
693,172,597,963,102,73,-1,-1,-1
694,172,597,964,103,72,-1,-1,-1
695,172,598,965,102,71,-1,-1,-1
696,172,598,965,102,71,-1,-1,-1
697,172,598,964,102,72,-1,-1,-1
698,172,597,963,103,73,-1,-1,-1
699,172,597,962,102,73,-1,-1,-1
700,172,597,963,103,73,-1,-1,-1
701,172,598,964,102,72,-1,-1,-1
702,172,599,965,102,71,-1,-1,-1
703,172,599,965,102,71,-1,-1,-1
704,172,599,965,102,71,-1,-1,-1
769,173,577,1601,973,300,-1,-1,-1
770,173,596,1561,954,340,-1,-1,-1
771,173,609,1531,938,370,-1,-1,-1
772,173,639,1488,895,417,-1,-1,-1
773,173,688,1443,876,465,-1,-1,-1
774,173,751,1394,828,517,-1,-1,-1
775,173,818,1346,800,560,-1,-1,-1
776,173,873,1299,719,587,-1,-1,-1
777,173,924,1261,642,583,-1,-1,-1
778,173,963,1230,543,556,-1,-1,-1
779,173,1004,1201,477,523,-1,-1,-1
780,173,1037,1170,424,493,-1,-1,-1
781,173,1062,1140,390,466,-1,-1,-1
782,173,1079,1115,364,436,-1,-1,-1
783,173,1091,1096,348,404,-1,-1,-1
784,173,1098,1078,336,376,-1,-1,-1
785,173,1102,1060,325,353,-1,-1,-1
786,173,1097,1043,318,331,-1,-1,-1
787,173,1089,1029,313,314,-1,-1,-1
788,173,1077,1017,312,296,-1,-1,-1
789,173,1067,1008,303,279,-1,-1,-1
790,173,1054,999,295,263,-1,-1,-1
791,173,1040,991,288,249,-1,-1,-1
792,173,1026,983,282,239,-1,-1,-1
793,173,1013,978,276,229,-1,-1,-1
794,97,564,1541,967,361,-1,-1,-1
794,173,997,975,268,220,-1,-1,-1
795,97,590,1493,941,411,-1,-1,-1
795,173,980,972,263,211,-1,-1,-1
796,97,638,1459,906,449,-1,-1,-1
796,173,965,969,256,203,-1,-1,-1
797,97,715,1411,840,502,-1,-1,-1
797,173,947,966,251,196,-1,-1,-1
798,97,787,1361,773,551,-1,-1,-1
798,173,932,964,242,189,-1,-1,-1
799,97,847,1311,697,581,-1,-1,-1
799,173,915,964,237,182,-1,-1,-1
800,97,905,1265,619,590,-1,-1,-1
800,173,900,962,230,177,-1,-1,-1
801,97,958,1231,556,570,-1,-1,-1
801,173,883,961,225,175,-1,-1,-1
802,97,1002,1199,506,543,-1,-1,-1
802,173,865,959,220,175,-1,-1,-1
803,97,1038,1170,464,507,-1,-1,-1
803,173,846,958,216,172,-1,-1,-1
804,97,1068,1143,424,471,-1,-1,-1
804,173,828,957,212,170,-1,-1,-1
805,97,1094,1119,393,441,-1,-1,-1
805,173,811,958,207,166,-1,-1,-1
806,97,1110,1098,371,416,-1,-1,-1
806,173,800,959,201,163,-1,-1,-1
807,97,1117,1082,357,391,-1,-1,-1
807,173,788,959,196,161,-1,-1,-1
808,97,1117,1066,344,365,-1,-1,-1
808,173,774,961,193,159,-1,-1,-1
809,97,1110,1054,338,340,-1,-1,-1
809,173,756,967,187,152,-1,-1,-1
810,97,1099,1040,331,320,-1,-1,-1
810,173,737,974,182,145,-1,-1,-1
811,97,1085,1029,328,304,-1,-1,-1
811,173,721,979,176,138,-1,-1,-1
812,97,1070,1019,323,289,-1,-1,-1
812,173,707,980,181,136,-1,-1,-1
813,97,1055,1012,314,271,-1,-1,-1
813,173,695,980,187,136,-1,-1,-1
814,97,1038,1006,308,255,-1,-1,-1
814,173,680,980,198,136,-1,-1,-1
815,97,1019,1001,302,241,-1,-1,-1
815,173,666,980,203,134,-1,-1,-1
816,97,998,995,299,233,-1,-1,-1
816,173,651,979,207,131,-1,-1,-1
817,97,977,990,295,223,-1,-1,-1
817,173,641,979,205,130,-1,-1,-1
818,97,958,987,291,216,-1,-1,-1
818,173,631,979,202,128,-1,-1,-1
819,97,938,984,286,210,-1,-1,-1
819,173,622,979,197,127,-1,-1,-1
820,97,920,981,280,206,-1,-1,-1
820,173,613,979,192,126,-1,-1,-1
821,97,901,980,272,199,-1,-1,-1
821,173,604,979,186,125,-1,-1,-1
822,97,885,981,263,193,-1,-1,-1
822,173,596,979,181,124,-1,-1,-1
823,97,868,981,255,188,-1,-1,-1
823,173,588,979,175,123,-1,-1,-1
824,97,850,981,247,185,-1,-1,-1
824,173,579,979,169,122,-1,-1,-1
825,97,831,982,242,180,-1,-1,-1
825,173,571,979,163,121,-1,-1,-1
826,97,815,981,237,177,-1,-1,-1
826,173,563,979,156,120,-1,-1,-1
827,97,800,982,228,173,-1,-1,-1
827,173,554,979,150,119,-1,-1,-1
828,97,787,983,219,170,-1,-1,-1
828,173,546,979,144,118,-1,-1,-1
829,97,774,985,211,165,-1,-1,-1
829,173,538,979,138,118,-1,-1,-1
830,97,759,988,208,161,-1,-1,-1
830,173,530,979,132,117,-1,-1,-1
831,97,745,993,208,158,-1,-1,-1
831,173,522,979,126,116,-1,-1,-1
832,97,730,995,203,153,-1,-1,-1
832,173,515,980,122,115,-1,-1,-1
833,97,717,997,198,149,-1,-1,-1
833,173,510,981,120,114,-1,-1,-1
834,97,704,997,193,147,-1,-1,-1
834,173,508,981,119,113,-1,-1,-1
835,97,689,999,195,146,-1,-1,-1
835,173,508,981,118,112,-1,-1,-1
836,97,676,1000,194,144,-1,-1,-1
836,173,509,981,117,111,-1,-1,-1
837,97,666,999,188,141,-1,-1,-1
837,173,510,980,116,110,-1,-1,-1
838,97,657,997,180,137,-1,-1,-1
838,173,512,980,116,109,-1,-1,-1
839,97,648,996,171,133,-1,-1,-1
839,173,515,980,115,108,-1,-1,-1
840,97,638,996,165,129,-1,-1,-1
840,173,517,979,115,107,-1,-1,-1
841,97,634,996,160,128,-1,-1,-1
841,173,519,979,114,106,-1,-1,-1
842,97,631,995,158,127,-1,-1,-1
842,173,522,978,114,105,-1,-1,-1
843,173,524,978,113,104,-1,-1,-1
844,173,527,977,113,103,-1,-1,-1
845,173,529,977,112,102,-1,-1,-1
846,173,532,976,112,101,-1,-1,-1
847,173,534,976,112,100,-1,-1,-1
848,173,537,976,111,99,-1,-1,-1
849,173,539,975,111,98,-1,-1,-1
850,173,542,975,110,97,-1,-1,-1
851,173,544,974,110,96,-1,-1,-1
852,173,546,974,109,95,-1,-1,-1
853,173,549,973,109,94,-1,-1,-1
854,173,551,973,108,93,-1,-1,-1
855,173,554,972,108,92,-1,-1,-1
856,173,556,972,107,91,-1,-1,-1
857,173,559,971,107,90,-1,-1,-1
858,173,561,971,106,89,-1,-1,-1
859,173,564,971,106,88,-1,-1,-1
860,173,566,970,105,87,-1,-1,-1
861,173,569,970,105,86,-1,-1,-1
862,173,571,969,105,85,-1,-1,-1
863,173,574,969,104,84,-1,-1,-1
864,173,576,968,104,83,-1,-1,-1
865,173,579,968,103,82,-1,-1,-1
866,173,581,967,103,81,-1,-1,-1
867,173,584,967,102,80,-1,-1,-1
868,173,586,966,102,79,-1,-1,-1
869,173,589,966,101,78,-1,-1,-1
870,173,591,966,101,76,-1,-1,-1
871,173,594,965,100,75,-1,-1,-1
872,173,596,965,100,74,-1,-1,-1
873,173,599,964,99,73,-1,-1,-1
874,173,601,964,99,72,-1,-1,-1
875,173,603,965,97,70,-1,-1,-1
876,173,604,965,97,69,-1,-1,-1
877,173,605,965,96,69,-1,-1,-1
999,10,471,1096,218,145,-1,-1,-1
1000,10,491,1097,211,148,-1,-1,-1
1001,10,498,1096,220,152,-1,-1,-1
1002,10,510,1095,229,161,-1,-1,-1
1003,10,520,1094,244,172,-1,-1,-1
1004,10,533,1095,248,181,-1,-1,-1
1005,10,545,1094,254,190,-1,-1,-1
1006,10,560,1090,257,200,-1,-1,-1
1007,10,580,1089,261,208,-1,-1,-1
1008,10,600,1091,269,218,-1,-1,-1
1009,10,619,1101,279,224,-1,-1,-1
1010,10,638,1112,296,234,-1,-1,-1
1011,10,660,1120,314,245,-1,-1,-1
1012,10,689,1125,335,260,-1,-1,-1
1013,10,714,1129,362,281,-1,-1,-1
1014,10,740,1131,401,307,-1,-1,-1
1015,10,771,1135,444,337,-1,-1,-1
1016,10,813,1143,492,368,-1,-1,-1
1017,10,869,1153,548,404,-1,-1,-1
1018,10,933,1164,611,449,-1,-1,-1
1019,10,1003,1173,698,505,-1,-1,-1
1020,10,1088,1187,795,561,-1,-1,-1
1021,10,1131,1193,854,591,-1,-1,-1
1022,10,1168,1200,889,610,-1,-1,-1
1692,176,664,951,161,100,-1,-1,-1
1693,176,660,951,158,101,-1,-1,-1
1694,176,657,950,159,103,-1,-1,-1
1695,176,650,950,159,105,-1,-1,-1
1696,176,643,949,161,107,-1,-1,-1
1697,176,636,950,162,108,-1,-1,-1
1698,176,631,951,163,110,-1,-1,-1
1699,176,626,953,161,110,-1,-1,-1
1700,176,621,955,159,111,-1,-1,-1
1701,176,617,956,158,110,-1,-1,-1
1702,176,611,958,158,110,-1,-1,-1
1703,176,604,962,159,108,-1,-1,-1
1704,176,596,967,160,106,-1,-1,-1
1705,176,589,972,159,104,-1,-1,-1
1706,176,580,975,159,102,-1,-1,-1
1707,176,572,978,158,102,-1,-1,-1
1708,176,563,979,159,102,-1,-1,-1
1709,176,555,980,160,103,-1,-1,-1
1710,176,548,980,161,104,-1,-1,-1
1711,176,542,980,159,105,-1,-1,-1
1712,176,536,978,153,107,-1,-1,-1
1713,176,531,979,146,107,-1,-1,-1
1714,176,528,982,136,103,-1,-1,-1
1715,176,524,984,130,101,-1,-1,-1
1716,176,521,985,126,101,-1,-1,-1
1717,176,516,985,119,100,-1,-1,-1
1718,176,512,988,112,96,-1,-1,-1
1719,176,508,993,105,91,-1,-1,-1
1720,176,505,994,103,90,-1,-1,-1
1721,176,503,995,100,89,-1,-1,-1
1722,176,501,995,99,89,-1,-1,-1
1723,176,497,996,99,88,-1,-1,-1
1724,176,491,995,101,89,-1,-1,-1
1725,176,485,994,105,89,-1,-1,-1
1726,176,479,994,108,90,-1,-1,-1
1727,176,473,995,110,88,-1,-1,-1
1728,176,468,997,110,86,-1,-1,-1
1729,176,463,999,110,84,-1,-1,-1
1730,176,459,1001,108,83,-1,-1,-1
1731,176,456,1003,107,81,-1,-1,-1
1732,176,452,1005,105,80,-1,-1,-1
1733,176,449,1006,103,78,-1,-1,-1
1734,176,445,1007,102,77,-1,-1,-1
1735,176,441,1007,99,76,-1,-1,-1
1736,176,438,1008,95,75,-1,-1,-1
1737,176,434,1008,91,73,-1,-1,-1
1738,176,431,1009,87,71,-1,-1,-1
1739,176,428,1010,83,69,-1,-1,-1
1740,176,425,1011,80,67,-1,-1,-1
1741,176,423,1011,78,66,-1,-1,-1
1742,176,421,1011,76,65,-1,-1,-1
1743,176,418,1012,75,64,-1,-1,-1
1744,176,415,1011,76,64,-1,-1,-1
1745,176,411,1011,77,65,-1,-1,-1
1746,176,408,1011,77,65,-1,-1,-1
1747,176,407,1011,77,65,-1,-1,-1
1748,176,406,1011,77,64,-1,-1,-1
1892,14,418,1091,229,137,-1,-1,-1
1893,14,426,1092,228,138,-1,-1,-1
1894,14,426,1092,230,139,-1,-1,-1
1895,14,426,1093,234,141,-1,-1,-1
1896,14,423,1093,237,143,-1,-1,-1
1897,14,422,1094,238,144,-1,-1,-1
1898,14,421,1094,240,146,-1,-1,-1
1899,14,431,1096,233,147,-1,-1,-1
1900,14,442,1098,227,148,-1,-1,-1
1901,14,454,1101,221,149,-1,-1,-1
1902,14,461,1103,220,151,-1,-1,-1
1903,14,467,1104,217,153,-1,-1,-1
1904,14,474,1105,214,155,-1,-1,-1
1905,14,479,1106,213,157,-1,-1,-1
1906,14,486,1107,212,160,-1,-1,-1
1907,14,493,1108,212,162,-1,-1,-1
1908,14,501,1109,216,166,-1,-1,-1
1909,14,506,1110,228,169,-1,-1,-1
1910,14,509,1111,241,173,-1,-1,-1
1911,14,514,1111,249,177,-1,-1,-1
1912,14,521,1112,249,181,-1,-1,-1
1913,14,529,1111,248,186,-1,-1,-1
1914,14,536,1110,249,190,-1,-1,-1
1915,14,543,1110,250,194,-1,-1,-1
1916,14,550,1111,254,197,-1,-1,-1
1917,14,554,1113,258,200,-1,-1,-1
1918,14,559,1114,263,203,-1,-1,-1
1919,14,563,1114,268,206,-1,-1,-1
1920,14,567,1114,272,211,-1,-1,-1
1921,14,571,1114,277,217,-1,-1,-1
1922,14,572,1114,285,223,-1,-1,-1
1923,14,573,1115,294,230,-1,-1,-1
1924,14,574,1115,303,235,-1,-1,-1
1925,14,578,1116,310,239,-1,-1,-1
1926,14,582,1118,316,241,-1,-1,-1
1927,14,587,1119,320,243,-1,-1,-1
1928,14,591,1121,323,245,-1,-1,-1
1929,14,596,1122,325,246,-1,-1,-1
1930,14,602,1124,327,248,-1,-1,-1
1931,14,611,1125,326,250,-1,-1,-1
1932,14,620,1128,327,251,-1,-1,-1
1933,14,628,1131,330,251,-1,-1,-1
1934,14,634,1134,336,252,-1,-1,-1
1935,14,639,1135,339,254,-1,-1,-1
1936,14,644,1136,340,257,-1,-1,-1
1937,14,648,1137,342,261,-1,-1,-1
1938,14,651,1136,343,266,-1,-1,-1
1939,14,654,1135,343,270,-1,-1,-1
1940,14,656,1134,345,273,-1,-1,-1
1941,14,658,1134,345,277,-1,-1,-1
1942,14,660,1133,346,279,-1,-1,-1
1943,14,661,1133,346,281,-1,-1,-1
1944,14,662,1133,346,282,-1,-1,-1
1945,14,663,1134,346,282,-1,-1,-1
1946,14,664,1134,345,283,-1,-1,-1
1947,14,665,1133,345,284,-1,-1,-1
1948,14,666,1133,345,285,-1,-1,-1
1949,14,667,1133,345,285,-1,-1,-1
1950,14,667,1133,345,285,-1,-1,-1
1951,14,666,1133,346,284,-1,-1,-1
1952,14,665,1133,347,285,-1,-1,-1
1953,14,665,1133,347,285,-1,-1,-1
1954,14,664,1132,348,285,-1,-1,-1
1955,14,664,1133,348,285,-1,-1,-1
1956,14,664,1133,347,285,-1,-1,-1
1957,14,664,1133,347,284,-1,-1,-1
1958,14,664,1133,347,284,-1,-1,-1
1959,14,664,1133,346,284,-1,-1,-1
1960,14,665,1133,346,284,-1,-1,-1
1961,14,665,1133,346,284,-1,-1,-1
1962,14,665,1133,346,285,-1,-1,-1
1963,14,665,1133,346,284,-1,-1,-1
1964,14,665,1133,346,284,-1,-1,-1
1965,14,665,1134,345,284,-1,-1,-1
1966,14,665,1134,345,284,-1,-1,-1
1967,14,665,1134,345,284,-1,-1,-1
1968,14,665,1133,345,284,-1,-1,-1
1969,14,665,1133,345,284,-1,-1,-1
1970,14,665,1133,345,284,-1,-1,-1
1971,14,665,1133,345,284,-1,-1,-1
1972,14,665,1133,344,284,-1,-1,-1
1973,14,665,1133,345,284,-1,-1,-1
1974,14,665,1133,345,285,-1,-1,-1
1975,14,664,1133,346,285,-1,-1,-1
1976,14,664,1134,347,285,-1,-1,-1
1977,14,664,1134,347,285,-1,-1,-1
1978,14,665,1134,347,285,-1,-1,-1
1979,14,665,1134,347,285,-1,-1,-1
1980,14,665,1134,347,285,-1,-1,-1
1981,14,665,1134,347,285,-1,-1,-1
1982,14,665,1134,347,285,-1,-1,-1
1983,14,666,1134,347,285,-1,-1,-1
1984,14,666,1134,347,284,-1,-1,-1
1985,14,666,1134,347,284,-1,-1,-1
1986,14,666,1134,347,284,-1,-1,-1
1987,14,666,1134,347,285,-1,-1,-1
1988,14,665,1133,347,286,-1,-1,-1
1989,14,665,1134,347,286,-1,-1,-1
1990,14,665,1134,348,285,-1,-1,-1
1991,14,665,1134,348,285,-1,-1,-1
1992,14,665,1134,348,284,-1,-1,-1
1993,14,665,1134,348,285,-1,-1,-1
1994,14,664,1133,348,285,-1,-1,-1
1995,14,664,1133,348,285,-1,-1,-1
1996,14,664,1133,348,285,-1,-1,-1
1997,14,664,1133,349,285,-1,-1,-1
1998,14,664,1133,349,285,-1,-1,-1
1999,14,664,1133,349,285,-1,-1,-1
2000,14,664,1133,349,286,-1,-1,-1
2001,14,664,1133,349,286,-1,-1,-1
2002,14,664,1133,349,287,-1,-1,-1
2003,14,664,1133,349,286,-1,-1,-1
2004,14,664,1133,350,286,-1,-1,-1
2005,14,664,1133,351,286,-1,-1,-1
2006,14,664,1133,351,286,-1,-1,-1
2007,14,664,1133,351,286,-1,-1,-1
2008,14,664,1133,351,286,-1,-1,-1
2009,14,664,1133,352,286,-1,-1,-1
2010,14,664,1134,352,286,-1,-1,-1
2011,14,665,1134,351,284,-1,-1,-1
2012,14,664,1134,352,284,-1,-1,-1
2013,14,665,1134,353,286,-1,-1,-1
2014,14,665,1132,355,288,-1,-1,-1
2015,14,668,1131,355,291,-1,-1,-1
2016,14,670,1130,356,292,-1,-1,-1
2017,14,672,1131,360,292,-1,-1,-1
2018,14,674,1132,365,292,-1,-1,-1
2019,14,676,1133,373,295,-1,-1,-1
2020,14,678,1134,380,300,-1,-1,-1
2021,14,682,1136,385,304,-1,-1,-1
2022,14,688,1136,386,308,-1,-1,-1
2023,14,695,1137,388,311,-1,-1,-1
2024,14,703,1138,393,314,-1,-1,-1
2025,14,712,1140,402,316,-1,-1,-1
2026,14,720,1141,409,320,-1,-1,-1
2027,14,726,1144,423,326,-1,-1,-1
2028,14,732,1148,439,334,-1,-1,-1
2029,14,739,1151,456,343,-1,-1,-1
2030,14,752,1154,469,353,-1,-1,-1
2031,14,763,1156,486,364,-1,-1,-1
2032,14,778,1160,504,375,-1,-1,-1
2033,14,794,1166,523,387,-1,-1,-1
2034,14,817,1173,538,397,-1,-1,-1
2035,14,839,1179,558,412,-1,-1,-1
2036,14,861,1182,583,433,-1,-1,-1
2037,14,886,1186,610,457,-1,-1,-1
2038,14,916,1191,641,482,-1,-1,-1
2039,14,947,1198,674,508,-1,-1,-1
2040,14,976,1205,722,536,-1,-1,-1
2041,14,1010,1209,769,569,-1,-1,-1
2042,14,1051,1213,827,602,-1,-1,-1
2043,14,1074,1214,852,620,-1,-1,-1
2044,14,1090,1215,875,630,-1,-1,-1
2399,177,1242,1127,478,573,-1,-1,-1
2400,177,1257,1109,455,550,-1,-1,-1
2401,177,1267,1096,441,532,-1,-1,-1
2402,177,1282,1077,420,507,-1,-1,-1
2403,177,1295,1061,393,478,-1,-1,-1
2404,177,1305,1045,369,450,-1,-1,-1
2405,177,1309,1030,349,425,-1,-1,-1
2406,177,1305,1016,345,401,-1,-1,-1
2407,177,1293,1004,350,380,-1,-1,-1
2408,177,1280,993,357,358,-1,-1,-1
2409,177,1269,984,353,338,-1,-1,-1
2410,177,1260,974,344,324,-1,-1,-1
2411,177,1249,966,336,309,-1,-1,-1
2412,177,1237,959,331,296,-1,-1,-1
2413,177,1222,952,324,281,-1,-1,-1
2414,177,1206,945,318,270,-1,-1,-1
2415,177,1189,940,311,258,-1,-1,-1
2416,177,1171,938,307,248,-1,-1,-1
2417,177,1152,935,302,237,-1,-1,-1
2418,177,1131,933,299,227,-1,-1,-1
2419,177,1109,933,294,216,-1,-1,-1
2420,177,1089,933,289,209,-1,-1,-1
2421,177,1068,933,283,202,-1,-1,-1
2422,177,1048,935,277,196,-1,-1,-1
2423,177,1025,938,272,189,-1,-1,-1
2424,177,1004,940,266,185,-1,-1,-1
2425,177,981,942,264,180,-1,-1,-1
2426,177,959,945,260,174,-1,-1,-1
2427,177,938,950,256,166,-1,-1,-1
2428,177,919,954,249,160,-1,-1,-1
2429,177,899,958,244,156,-1,-1,-1
2430,177,878,959,241,154,-1,-1,-1
2431,177,858,959,239,154,-1,-1,-1
2432,177,839,958,234,155,-1,-1,-1
2433,177,820,958,232,157,-1,-1,-1
2434,177,802,960,228,156,-1,-1,-1
2435,177,787,963,224,155,-1,-1,-1
2436,177,774,967,217,154,-1,-1,-1
2437,177,762,968,209,153,-1,-1,-1
2438,177,747,968,205,153,-1,-1,-1
2439,177,733,971,201,148,-1,-1,-1
2440,177,719,975,194,143,-1,-1,-1
2441,177,707,979,185,137,-1,-1,-1
2442,177,695,983,184,133,-1,-1,-1
2443,177,684,986,182,130,-1,-1,-1
2444,177,669,986,191,133,-1,-1,-1
2445,177,652,985,198,139,-1,-1,-1
2446,177,635,982,210,149,-1,-1,-1
2447,177,627,979,212,152,-1,-1,-1
2448,177,621,976,211,154,-1,-1,-1
2449,177,618,973,206,153,-1,-1,-1
2450,177,612,972,201,151,-1,-1,-1
2451,177,605,972,195,149,-1,-1,-1
2452,177,597,972,189,146,-1,-1,-1
2453,177,590,973,183,143,-1,-1,-1
2454,177,582,974,177,140,-1,-1,-1
2455,177,574,975,171,136,-1,-1,-1
2456,177,566,976,165,133,-1,-1,-1
2457,177,558,977,158,130,-1,-1,-1
2458,177,550,978,152,127,-1,-1,-1
2459,177,543,979,146,123,-1,-1,-1
2460,177,535,980,140,120,-1,-1,-1
2461,177,528,981,134,117,-1,-1,-1
2462,177,522,982,128,115,-1,-1,-1
2463,177,517,985,119,109,-1,-1,-1
2464,177,512,987,111,105,-1,-1,-1
2465,177,507,989,104,100,-1,-1,-1
2466,177,503,990,100,99,-1,-1,-1
2467,177,498,992,98,97,-1,-1,-1
2468,177,494,993,96,95,-1,-1,-1
2469,177,489,994,94,93,-1,-1,-1
2470,177,484,996,93,91,-1,-1,-1
2471,177,480,997,92,89,-1,-1,-1
2472,177,475,998,91,87,-1,-1,-1
2473,177,471,999,90,85,-1,-1,-1
2474,177,466,1001,89,83,-1,-1,-1
2475,177,461,1002,88,82,-1,-1,-1
2476,177,457,1003,87,80,-1,-1,-1
2477,177,452,1004,86,78,-1,-1,-1
2478,177,447,1006,84,76,-1,-1,-1
2479,177,443,1007,83,74,-1,-1,-1
2480,177,438,1008,82,72,-1,-1,-1
2481,177,433,1009,81,70,-1,-1,-1
2482,177,429,1010,81,69,-1,-1,-1
2483,177,426,1010,79,69,-1,-1,-1
2484,177,424,1010,78,69,-1,-1,-1
2485,177,421,1009,77,69,-1,-1,-1
2486,177,419,1009,76,69,-1,-1,-1
2487,177,418,1009,76,69,-1,-1,-1
3074,20,533,1091,206,150,-1,-1,-1
3075,20,544,1093,213,153,-1,-1,-1
3076,20,553,1095,222,156,-1,-1,-1
3077,20,567,1096,227,162,-1,-1,-1
3078,20,581,1097,235,169,-1,-1,-1
3079,20,597,1099,244,176,-1,-1,-1
3080,20,613,1100,258,187,-1,-1,-1
3081,20,635,1101,269,199,-1,-1,-1
3082,20,662,1103,280,213,-1,-1,-1
3083,20,695,1107,291,227,-1,-1,-1
3084,20,725,1113,311,239,-1,-1,-1
3085,20,757,1119,339,256,-1,-1,-1
3086,20,793,1124,372,275,-1,-1,-1
3087,20,834,1128,413,304,-1,-1,-1
3088,20,886,1134,458,331,-1,-1,-1
3089,20,947,1143,523,373,-1,-1,-1
3090,20,1026,1156,592,415,-1,-1,-1
3091,20,1110,1167,687,475,-1,-1,-1
3092,20,1156,1174,732,502,-1,-1,-1
3093,20,1184,1177,776,527,-1,-1,-1
3254,22,528,1107,194,142,-1,-1,-1
3255,22,539,1109,203,145,-1,-1,-1
3256,22,548,1112,209,146,-1,-1,-1
3257,22,558,1115,214,149,-1,-1,-1
3258,22,570,1117,219,153,-1,-1,-1
3259,22,581,1120,222,157,-1,-1,-1
3260,22,594,1124,231,162,-1,-1,-1
3261,22,608,1127,239,169,-1,-1,-1
3262,22,624,1129,252,179,-1,-1,-1
3263,22,642,1130,262,191,-1,-1,-1
3264,22,663,1133,271,202,-1,-1,-1
3265,22,684,1136,286,212,-1,-1,-1
3266,22,707,1141,300,220,-1,-1,-1
3267,22,729,1147,320,230,-1,-1,-1
3268,22,756,1153,335,244,-1,-1,-1
3269,22,784,1160,354,259,-1,-1,-1
3270,22,818,1166,373,278,-1,-1,-1
3271,22,852,1173,401,296,-1,-1,-1
3272,22,891,1180,441,320,-1,-1,-1
3273,22,937,1189,489,344,-1,-1,-1
3274,22,992,1200,541,373,-1,-1,-1
3275,22,1054,1212,605,407,-1,-1,-1
3276,22,1126,1228,682,449,-1,-1,-1
3277,22,1207,1244,780,502,-1,-1,-1
3278,22,1250,1253,829,529,-1,-1,-1
3279,22,1280,1259,870,550,-1,-1,-1
3837,179,1880,853,657,493,-1,-1,-1
3838,179,1747,852,784,487,-1,-1,-1
3839,179,1657,862,817,469,-1,-1,-1
3840,179,1536,877,830,433,-1,-1,-1
3841,179,1435,892,774,398,-1,-1,-1
3842,179,1340,904,716,366,-1,-1,-1
3843,179,1250,912,653,341,-1,-1,-1
3844,179,1172,921,596,313,-1,-1,-1
3845,179,1107,928,535,288,-1,-1,-1
3846,179,1058,936,475,262,-1,-1,-1
3847,179,1005,943,426,242,-1,-1,-1
3848,179,963,950,387,223,-1,-1,-1
3849,179,918,956,357,209,-1,-1,-1
3850,179,883,960,328,199,-1,-1,-1
3851,179,849,963,302,191,-1,-1,-1
3852,179,823,965,273,184,-1,-1,-1
3853,179,797,967,251,175,-1,-1,-1
3854,179,771,968,232,170,-1,-1,-1
3855,179,744,967,223,164,-1,-1,-1
3856,179,716,967,218,161,-1,-1,-1
3857,179,690,967,215,156,-1,-1,-1
3858,179,657,997,220,157,-1,-1,-1
3859,179,628,1035,228,159,-1,-1,-1
3860,179,606,1082,237,163,-1,-1,-1
3861,179,602,1101,246,170,-1,-1,-1
3862,179,606,1117,257,179,-1,-1,-1
3863,179,618,1127,272,190,-1,-1,-1
3864,179,636,1135,282,200,-1,-1,-1
3865,179,658,1140,290,211,-1,-1,-1
3866,179,684,1146,306,224,-1,-1,-1
3867,179,712,1153,328,235,-1,-1,-1
3868,179,744,1162,354,250,-1,-1,-1
3869,179,775,1170,379,265,-1,-1,-1
3870,179,809,1177,409,286,-1,-1,-1
3871,179,848,1185,449,310,-1,-1,-1
3872,179,900,1196,501,339,-1,-1,-1
3873,179,964,1208,563,374,-1,-1,-1
3874,179,1039,1224,646,417,-1,-1,-1
3875,179,1119,1240,748,469,-1,-1,-1
3876,179,1160,1250,806,497,-1,-1,-1
3877,179,1188,1257,848,517,-1,-1,-1
4090,180,564,1083,220,165,-1,-1,-1
4091,180,575,1083,216,168,-1,-1,-1
4092,180,584,1083,216,172,-1,-1,-1
4093,180,594,1083,220,178,-1,-1,-1
4094,180,605,1083,230,185,-1,-1,-1
4095,180,620,1084,242,193,-1,-1,-1
4096,180,637,1086,250,201,-1,-1,-1
4097,180,656,1088,264,214,-1,-1,-1
4098,180,674,1093,283,224,-1,-1,-1
4099,180,697,1097,301,238,-1,-1,-1
4100,180,724,1102,319,250,-1,-1,-1
4101,180,754,1105,333,265,-1,-1,-1
4102,180,786,1110,355,277,-1,-1,-1
4103,180,823,1114,374,294,-1,-1,-1
4104,180,867,1120,399,309,-1,-1,-1
4105,180,917,1126,426,325,-1,-1,-1
4106,180,974,1138,468,348,-1,-1,-1
4107,180,1041,1150,521,384,-1,-1,-1
4108,180,1118,1160,592,439,-1,-1,-1
4109,180,1207,1165,677,509,-1,-1,-1
4110,180,1253,1165,723,549,-1,-1,-1
4111,180,1286,1164,760,582,-1,-1,-1
4122,28,557,1094,235,154,-1,-1,-1
4123,28,567,1094,237,159,-1,-1,-1
4124,28,575,1093,242,165,-1,-1,-1
4125,28,588,1094,247,172,-1,-1,-1
4126,28,601,1094,259,180,-1,-1,-1
4127,28,617,1095,269,189,-1,-1,-1
4128,28,635,1095,284,201,-1,-1,-1
4129,28,657,1097,298,214,-1,-1,-1
4130,28,684,1100,311,227,-1,-1,-1
4131,28,713,1103,324,239,-1,-1,-1
4132,28,744,1106,337,251,-1,-1,-1
4133,28,776,1109,361,267,-1,-1,-1
4134,28,811,1113,386,285,-1,-1,-1
4135,28,852,1120,423,304,-1,-1,-1
4136,28,900,1127,463,327,-1,-1,-1
4137,28,957,1135,510,354,-1,-1,-1
4138,28,1019,1143,567,393,-1,-1,-1
4139,28,1093,1154,635,437,-1,-1,-1
4140,28,1172,1165,731,492,-1,-1,-1
4141,28,1215,1173,780,521,-1,-1,-1
4142,28,1243,1177,825,542,-1,-1,-1
