1 0 1 2 3 102 103
2 0 1 2 3 102 103
3 0 1 2 3 102 103
4 0 1 2 3 102 103
5 0 1 2 3 102 103
6 4 5 6 7 104 107
7 4 5 6 7 104 107
8 4 5 6 7 104 107
9 4 5 6 7 104 107
10 10 11 8 9 31
11 10 13 15
12 15 16
13 15 17 18 19
14 19 20 21 22 23
15 18 25 26
16 27 32 132
17 30 28 128 32 132
18 30 34
19 33 36 37 39
20 39 40
21 41 42
22 43 44 200 201 202
23 43 44 45
24 45 203
25 45 47
26 45 47 204 205 206 207
27 46 48 148 49 50
28 48 148 52 152 208 209 210
29 51 53 54 211 212 213 214
30 54 55 56 57
31 57 58
32 58 59 60
33 59 61 62
34 59 60
35 59 61 62
36 62 63 64 65 67
37 62 63
38 62 63 64 65
39 65 66
40 66 67