1636 426 146 352 248 904 1638 522 1758 572 258 762 982 252 252 600 -1114 -238 -116 -428 -1788 -748 -104 -480 -1004 -940 -552 -916 -1778 -606 1 -1
1810 492 1708 608 1826 936 382 866 248 570 1688 920 214 998 1778 734 854 166 -972 -130 -552 -942 -1362 -918 -132 -426 -152 -474 -1696 -874 -146 -562 -1252 -962 -1508 -980 1 -1
1578 964 700 126 1818 476 1782 368 1810 336 152 642 786 136 1740 668 -546 -954 -64 -410 -110 -446 -210 -922 -1078 -142 -588 -932 -1798 -494 -1842 -476 -108 -554 -1010 -138 1 -1
1522 970 832 220 164 742 1834 518 1768 798 1822 426 776 220 1852 588 1810 458 -1094 -228 -120 -638 -586 -1008 -1832 -544 -112 -712 -196 -972 -1780 -700 -196 -908 -1010 -232 1 -1
98 486 1176 242 1246 574 1240 262 1102 772 86 570 98 396 1210 682 160 162 -1004 -898 -208 -138 -36 -378 -1244 -352 -1240 -322 -42 -346 1 -1
956 126 1860 432 1774 902 182 996 914 166 1812 678 1100 1022 1780 466 138 802 -202 -944 -612 -996 -1348 -144 -114 -678 -1290 -154 -1804 -1034 -100 -770 -1856 -668 1 -1
1874 736 1876 534 108 832 94 948 1778 952 536 292 1828 364 1820 448 444 300 1816 404 -92 -572 -1840 -680 -1804 -966 -264 -244 -84 -480 -1844 -1052 -868 -1022 -84 -592 1 -1
156 766 546 284 1846 440 176 990 1866 492 1458 1072 1874 550 1698 1058 1874 840 -86 -406 -72 -470 -436 -994 -360 -288 -1788 -994 -1792 -848 -1606 -216 -726 -998 -1780 -658 1 -1
1874 438 668 234 1790 968 1834 626 1846 718 206 980 600 224 1810 490 -584 -1006 -252 -990 -1844 -670 -72 -628 -884 -198 -1720 -1026 -1836 -638 -1868 -1022 -936 -198 1 -1
1434 248 1192 984 728 140 196 408 1404 236 -880 -148 -596 -990 -1436 -246 -130 -402 1 -1
1890 1000 2376 1663 76 703 1683 950 346 1680 1590 906 -2236 -1823 -1893 -1003 -173 -1116 -1783 -960 -1556 -883 1 -1
2330 1110 156 1576 -2456 -676 -150 -866 -2390 -1646 1 -1
1746 470 540 1268 2364 894 646 862 -1702 -496 -2130 -1300 -624 -806 -178 -1338 1 -1
1264 158 948 92 864 142 1432 894 -1284 -134 -1036 -44 -776 -990 -234 -750 -836 -150 1 -1
1760 654 1076 1024 676 60 610 42 -646 -972 -610 -42 -1762 -642 1 -1
1106 140 1020 106 1390 110 1690 973 1200 973 -1400 -126 -1006 -106 -600 -1020 -1500 -143 -143 -976 1 -1
1748 694 1064 258 1802 206 894 182 -1708 -946 -1456 -966 -1008 -210 -1816 -210 1 -1
1760 1873 2430 1396 166 1130 366 1780 -1016 -1893 -176 -1280 -2436 -1473 1 -1
210 1703 2406 1260 2290 1773 2336 480 -2400 -1736 -186 -1050 1 -1
2328 1078 352 792 -456 -752 -1572 -1278 1 -1
1080 118 1598 546 -1084 -138 -1162 -782 1 -1
896 208 1058 898 -1054 -212 -452 -888 1 -1
1768 928 692 1616 -362 -1040 -1892 -996 1 -1
644 366 458 1724 1982 1038 -838 -384 -398 -1042 -1946 -1508 1 -1
378 1104 2108 1102 -1992 -1638 -632 -1046 1 -1
1222 864 1042 122 -1206 -154 -738 -884 1 -1
162 240 246 120 1600 450 -140 -234 -1534 -746 -374 -116 1 -1
206 954 126 322 1668 470 1552 164 -178 -240 -1678 -210 -1754 -798 -92 -590 1 -1
1226 288 1216 888 766 478 -360 -774 -1342 -344 -786 -476 1 -1
448 536 188 692 1340 470 -122 -688 -536 -524 -1124 -760 1 -1
1256 470 244 870 -138 -448 -1398 -874 1 -1
966 522 1444 852 278 870 -1116 -590 -156 -518 -1486 -856 1 -1
1468 818 630 122 1646 150 -456 -894 -800 -106 -1578 -164 1 -1
272 172 328 226 1540 440 -1552 -620 -446 -182 1 -1
162 608 1640 592 1106 76 -1556 -906 -1400 -102 -150 -428 1 -1
1590 740 1158 164 -1326 -180 -370 -810 1 -1
440 258 1730 378 -1014 -238 -1000 -820 1 -1
1816 894 598 1464 -440 -820 -2114 -954 1 -1
1814 840 198 1278 -242 -496 -2210 -1404 1 -1
1402 604 1484 326 368 652 -530 -608 -1200 -980 1 -1
