00 5 01 02 03 04 05
01 5 01 02 03 04 05
02 5 01 02 03 04 05
03 5 01 02 03 04 05
04 4 06 07 08 09
05 4 06 07 08 09
06 4 06 07 08 09
07 4 06 07 08 09
08 1 10
09 1 10
10 2 10 11
11 1 10
12 2 11 12 
13 1 11
14 2 10 11
15 2 11 12
16 2 12 13
17 1 13
18 1 13
19 1 13
20 1 14
21 1 14
22 1 14
23 1 14
24 1 15
25 1 15
26 1 15
27 1 16
28 2 16 17
29 1 16
30 1 17
31 1 17
32 2 16 17
33 2 18 19
34 1 18
35 2 18 19
36 1 19
37 1 19
38 2 19 20
39 2 19 20
40 1 20 
41 2 20 21
42 2 21 22
43 3 22 23 24
44 2 25 26
45 1 26
46 1 27
47 1 26
48 2 27 28
49 1 27
50 1 27
51 1 29
52 1 28
53 1 29
54 2 29 30
55 1 30
56 1 30
57 2 30 31
58 2 31 32
59 4 32 33 34 35
60 2 32 34
61 2 33 35
62 5 33 35 36 37 38
63 2 36 38
64 2 36 38
65 3 36 38 39
66 2 39 40
67 2 36 40