00 01 42.525472 -90.723381
01 02 42.525903 -90.723797
02 03 42.525716 -90.723273 
03 04 42.525570 -90.723840
04 06 42.491962 -90.723262
05 07 42.492166 -90.723860
06 08 42.491695 -90.723687
07 09 42.491871 -90.724157
08 10 42.497809 -90.673323
09 10 42.497735 -90.673268
10 10 42.497188 -90.673711
11 10 42.497501 -90.673752
13 11 42.496646 -90.673982
15 12 42.496569 -90.674229
17 13 42.496386 -90.674302
18 13 42.496364 -90.674743
19 13 42.496235 -90.674667
20 14 42.494566 -90.676327
21 14 42.494751 -90.676356
22 14 42.495294 -90.675614
23 14 42.494704 -90.676006 
25 15 42.496519 -90.675057
26 15 42.496920 -90.679159
27 16 42.500992 -90.669835
30 17 42.500076 -90.672738
31 17 42.499871 -90.672014
32 17 42.500260 -90.671487
33 18 42.500144 -90.674819 
34 18 42.500187 -90.673751
35 19 42.500146 -90.674813
36 19 42.500541 -90.675051
37 19 42.500569 -90.674742
39 20 42.500092 -90.675021
40 20 42.499943 -90.675623
41 21 42.499796 -90.676226
42 21 42.499678 -90.676795
43 22 42.499445 -90.678686
44 22 42.499302 -90.679897
45 23 42.499201 -90.680566
46 25 42.498618 -90.685524
47 26 42.498933 -90.682928
48 27 42.498320 -90.687878
49 27 42.498578 -90.686726
50 27 42.498345 -90.686680
51 29 42.498007 -90.690451
52 28 42.498272 -90.688289
53 29 42.497076 -90.688405
54 29 42.498636 -90.692223
55 30 42.498868 -90.693320
56 30 42.499200 -90.692951
57 30 42.499218 -90.693594
58 31 42.499344 -90.693920
59 33 42.499650 -90.696035
60 34 42.499453 -90.694484
61 35 42.499927 -90.696405
62 36 42.499653 -90.696666
63 37 42.499045 -90.697950
64 38 42.499285 -90.697874
65 39 42.498765 -90.698518
66 39 42.498818 -90.698998
67 40 42.498534 -90.699017