42.525472 -90.723381 42.525903 -90.723797
42.525472 -90.723381 42.525716 -90.723273
42.525472 -90.723381 42.52557 -90.72384
42.525903 -90.723797 42.525716 -90.723273
42.525903 -90.723797 42.52557 -90.72384
42.52557 -90.72384 42.525716 -90.723273
42.491962 -90.723262 42.492166 -90.72386
42.491962 -90.723262 42.491695 -90.723687
42.491962 -90.723262 42.491871 -90.724157
42.492166 -90.72386 42.491695 -90.723687
42.492166 -90.72386 42.491871 -90.724157
42.491695 -90.723687 42.491871 -90.724157
42.497809 -90.673323 42.497735 -90.673268
42.497809 -90.673323 42.497188 -90.673711
42.497809 -90.673323 42.497501 -90.673752
42.497809 -90.673323 42.499871 -90.672014
42.497735 -90.673268 42.497188 -90.673711
42.497735 -90.673268 42.497501 -90.673752
42.497188 -90.673711 42.497501 -90.673752
42.497188 -90.673711 42.496646 -90.673982
42.497188 -90.673711 42.496569 -90.674229
42.497501 -90.673752 42.499871 -90.672014
42.496646 -90.673982 42.496569 -90.674229
42.496569 -90.674229 42.496386 -90.674302
42.496569 -90.674229 42.496364 -90.674743
42.496569 -90.674229 42.496235 -90.674667
42.496386 -90.674302 42.496364 -90.674743
42.496386 -90.674302 42.496235 -90.674667
42.496364 -90.674743 42.496235 -90.674667
42.496364 -90.674743 42.496519 -90.675057
42.496364 -90.674743 42.49692 -90.679159
42.496235 -90.674667 42.495294 -90.675614
42.494566 -90.676327 42.494751 -90.676356
42.494566 -90.676327 42.495294 -90.675614
42.494566 -90.676327 42.494704 -90.676006
42.494751 -90.676356 42.495294 -90.675614
42.494751 -90.676356 42.494704 -90.676006
42.495294 -90.675614 42.494704 -90.676006
42.496519 -90.675057 42.49692 -90.679159
42.496519 -90.675057 42.499796 -90.676226
42.496519 -90.675057 42.499678 -90.676795
42.49692 -90.679159 42.499445 -90.678686
42.49692 -90.679159 42.499302 -90.679897
42.500992 -90.669835 42.50026 -90.671487
42.500076 -90.672738 42.499871 -90.672014
42.500076 -90.672738 42.50026 -90.671487
42.500076 -90.672738 42.500187 -90.673751
42.499871 -90.672014 42.50026 -90.671487
42.500144 -90.674819 42.500187 -90.673751
42.500144 -90.674819 42.500541 -90.675051
42.500144 -90.674819 42.500569 -90.674742
42.500144 -90.674819 42.500092 -90.675021
42.500541 -90.675051 42.500569 -90.674742
42.500541 -90.675051 42.500092 -90.675021
42.500569 -90.674742 42.500092 -90.675021
42.500092 -90.675021 42.499943 -90.675623
42.499943 -90.675623 42.499796 -90.676226
42.499796 -90.676226 42.499678 -90.676795
42.499678 -90.676795 42.499445 -90.678686
42.499445 -90.678686 42.499302 -90.679897
42.499302 -90.679897 42.499201 -90.680566
42.499201 -90.680566 42.498933 -90.682928
42.498618 -90.685524 42.498933 -90.682928
42.498618 -90.685524 42.49832 -90.687878
42.498618 -90.685524 42.498578 -90.686726
42.498618 -90.685524 42.498345 -90.68668
42.49832 -90.687878 42.498578 -90.686726
42.49832 -90.687878 42.498345 -90.68668
42.49832 -90.687878 42.498272 -90.688289
42.49832 -90.687878 42.497076 -90.688405
42.498578 -90.686726 42.498345 -90.68668
42.498007 -90.690451 42.498272 -90.688289
42.498007 -90.690451 42.497076 -90.688405
42.498007 -90.690451 42.498636 -90.692223
42.498272 -90.688289 42.497076 -90.688405
42.497076 -90.688405 42.498636 -90.692223
42.498636 -90.692223 42.498868 -90.69332
42.498636 -90.692223 42.4992 -90.692951
42.498636 -90.692223 42.499218 -90.693594
42.498868 -90.69332 42.4992 -90.692951
42.498868 -90.69332 42.499218 -90.693594
42.4992 -90.692951 42.499218 -90.693594
42.499218 -90.693594 42.499344 -90.69392
42.499344 -90.69392 42.499453 -90.694484
42.49965 -90.696035 42.499453 -90.694484
42.49965 -90.696035 42.499927 -90.696405
42.49965 -90.696035 42.499653 -90.696666
42.499927 -90.696405 42.499653 -90.696666
42.499653 -90.696666 42.499045 -90.69795
42.499653 -90.696666 42.499285 -90.697874
42.499045 -90.69795 42.499285 -90.697874
42.499045 -90.69795 42.498765 -90.698518
42.498765 -90.698518 42.498818 -90.698998
42.498765 -90.698518 42.498534 -90.699017
42.498818 -90.698998 42.498534 -90.699017
