0 1
0 2
0 3
1 2
1 3
3 2
4 5
4 6
4 7
5 6
5 7
6 7
8 9
8 10
8 11
8 31
9 10
9 11
10 11
10 13
10 15
11 31
13 15
15 17
15 18
15 19
17 18
17 19
18 19
18 25
18 26
19 22
20 21
20 22
20 23
21 22
21 23
22 23
25 26
25 41
25 42
26 43
26 44
27 32
30 31
30 32
30 34
31 32
33 34
33 36
33 37
33 39
36 37
36 39
37 39
39 40
40 41
41 42
42 43
43 44
44 45
45 47
46 47
46 48
46 49
46 50
48 49
48 50
48 52
48 53
49 50
51 52
51 53
51 54
52 53
53 54
54 55
54 56
54 57
55 56
55 57
56 57
57 58
58 60
59 60
59 61
59 62
61 62
62 63
62 64
63 64
63 65
65 66
65 67
66 67
